[9, 10, 9, 3, 1, 7, 6, 7, 6, 0, 2, 1, 5, 3, 1, 0, 1, 1, 8]
[4, 3, 8, 3, 2, 1, 5, 8, 9, 6, 3, 7, 4]
[2, 1, 1, 6, 8, 5, 3, 6, 8, 5, 2, 3, 8, 8, 10, 6, 2, 1]
[7, 7, 1, 1, 1, 9, 3, 4, 5, 8, 6, 8, 5, 2, 5]
[2, 0, 4, 4, 2, 5, 10, 6, 5, 6, 1, 3, 8, 6, 10]
[5, 9, 9, 3, 4, 1, 7, 5, 5, 1, 3, 7, 5, 8, 3, 7, 7, 6, 7]
[2, 3, 2, 8, 7, 4, 8, 5, 5, 3, 9, 6, 6, 9, 5, 7, 2, 7]
[1, 6, 4, 3, 0, 7, 9, 8, 5, 3, 4, 4, 4, 4, 7]
[1, 9, 2, 7, 7, 1, 4, 8, 7, 2, 3, 9, 4, 9, 7, 9, 6, 5]
[3, 3, 1, 9, 8, 9, 0, 7, 1, 9, 3, 2, 4, 1]
[5, 10, 2, 0, 7, 3, 5, 3, 5, 7, 9, 2, 5, 5, 4, 3, 2, 2, 0]
[6, 2, 0, 7, 9, 7, 6, 7, 6, 7, 10, 3, 6, 2, 1, 10, 3, 3]
[1, 4, 8, 7, 10, 2, 4, 4, 7, 1, 3, 9, 3, 3, 3]
[4, 6, 5, 3, 1, 7, 9, 5, 9, 2]
[4, 9, 1, 8, 8, 5, 4, 4, 3, 8, 7]
[1, 3, 1, 9, 7, 1, 2, 10, 4, 2, 7, 2, 0, 9, 9, 3, 6, 9]
[2, 5, 7, 5, 6, 5, 8, 5, 9, 4, 4, 8, 9, 5]
[9, 9, 5, 6, 4, 1, 6, 2, 8, 8, 4, 4, 3, 2, 8, 5, 1, 1, 7]
[5, 1, 10, 3, 3, 9, 1, 4, 6, 6, 10, 7, 7]
[3, 4, 1, 7, 3, 3, 5, 8, 8, 3, 4, 2, 5, 8, 8, 5, 6, 5]
[9, 9, 9, 9, 0, 7, 7, 10, 5, 9, 10, 8, 2, 0, 4]
[3, 5, 1, 6, 8, 6, 2, 8, 2, 8, 7, 6, 10, 0, 9, 9, 6]
[5, 3, 2, 9, 0, 0, 3, 8, 6, 4, 1, 0, 5, 2, 3, 4, 3, 7]
[1, 8, 0, 8, 10, 3, 3, 5, 7, 5, 8, 9, 5, 4, 10, 9, 2, 9]
[5, 9, 1, 5, 8, 6, 4, 6, 0, 3, 4, 1, 0, 0, 8, 0]
[5, 10, 6, 9, 8, 9, 9, 2, 3, 4, 6, 9, 9, 5, 8, 7, 9]
[7, 0, 7, 7, 10, 1, 10, 9, 3, 3, 0, 1, 5, 9]
[9, 8, 4, 5, 4, 3, 3, 7, 2, 10]
[3, 7, 0, 5, 4, 1, 2, 2, 7, 2, 2, 1, 7, 5, 10, 8, 3, 8, 8, 2]
[0, 5, 2, 1, 3, 6, 0, 4, 3, 4, 10, 1, 6, 7, 7, 6]
[5, 5, 5, 10, 5, 3, 3, 4, 10, 7, 8, 3, 8, 4]
[3, 4, 2, 10, 6, 8, 2, 2, 3, 7, 4, 8, 4, 6, 4, 8, 8, 1, 5]
[10, 6, 5, 1, 9, 4, 0, 5, 0, 1, 3]
[6, 2, 8, 3, 9, 8, 6, 6, 7, 2, 2, 5, 4, 5, 10]
[4, 4, 7, 7, 4, 8, 4, 8, 5, 6, 7, 9, 3, 8, 6]
[8, 8, 7, 8, 3, 2, 8, 2, 10, 6, 6, 2, 1, 6, 10, 9, 1, 5, 4]
[5, 2, 9, 2, 7, 6, 4, 9, 1, 4, 8, 2, 7, 9, 5, 6]
[4, 6, 7, 4, 7, 2, 3, 2, 3, 4, 3, 0, 2]
[7, 9, 3, 2, 1, 7, 1, 10, 1, 2, 1, 7, 4, 7, 4, 2]
[7, 3, 5, 1, 3, 1, 10, 5, 9, 8, 8, 2, 7, 3, 3, 3, 3, 1]
[9, 6, 9, 7, 6, 8, 7, 4, 10, 8, 2, 2, 4, 5, 5, 7, 9, 4]
[4, 7, 8, 3, 1, 0, 5, 2, 2, 7, 7, 8, 2, 9]
[10, 3, 4, 8, 3, 9, 3, 7, 2, 6, 2, 0]
[9, 5, 9, 6, 3, 9, 5, 7, 2, 5, 3, 2, 5]
[10, 9, 2, 8, 7, 2, 8, 8, 1, 1, 1, 4, 7, 6, 7, 2, 10, 4, 0, 5]
[3, 9, 10, 3, 1, 5, 1, 7, 8, 6, 2, 1]
[0, 4, 5, 0, 7, 5, 4, 8, 6, 4, 5]
[6, 10, 5, 2, 8, 1, 4, 6, 1, 3, 4, 5, 10, 7, 5]
[0, 4, 4, 9, 1, 6, 7, 1, 5, 2, 5]
[6, 4, 3, 1, 9, 2, 8, 8, 8, 8, 2]
[1, 8, 10, 8, 3, 9, 4, 4, 7, 10]
[9, 6, 10, 3, 4, 9, 2, 1, 7, 3, 10, 5, 10, 7]
[6, 5, 6, 6, 7, 4, 9, 1, 7, 3, 2, 9, 8, 6, 1, 10, 2, 0]
[3, 1, 7, 5, 10, 7, 2, 6, 4, 3, 3, 1, 9, 3, 7, 8, 9, 6, 3, 7]
[3, 6, 6, 4, 6, 0, 1, 1, 1, 3, 5, 9, 5, 5, 8, 4, 0, 2]
[1, 7, 3, 10, 5, 8, 9, 8, 4, 2, 5, 5, 2, 0, 7]
[10, 8, 4, 4, 1, 7, 6, 2, 5, 4]
[4, 7, 5, 4, 10, 10, 2, 4, 6, 4, 2, 8, 5, 1, 6, 10, 7, 1, 0]
[1, 3, 4, 3, 4, 2, 1, 8, 7, 5, 1, 4, 7]
[3, 8, 3, 6, 6, 9, 6, 7, 8, 8, 1, 0, 1]
[9, 1, 3, 5, 6, 2, 4, 3, 10, 4, 8, 9, 6, 8]
[3, 2, 3, 3, 6, 9, 8, 10, 1, 4, 8, 7, 3, 9, 1, 8, 3, 8, 8]
[2, 1, 8, 10, 3, 9, 7, 5, 6, 5, 4, 1]
[2, 1, 1, 5, 4, 6, 8, 5, 1, 9, 1, 5, 2, 6, 8, 7, 9]
[4, 7, 7, 8, 9, 7, 3, 9, 5, 7, 0, 8, 7, 1, 7, 5, 0]
[5, 3, 2, 4, 6, 2, 8, 0, 4, 7, 2, 6]
[2, 9, 4, 3, 3, 10, 3, 5, 8, 8, 2, 9]
[2, 8, 9, 3, 2, 10, 2, 3, 3, 5, 1, 3, 4, 6, 8, 1, 3, 7, 8]
[9, 0, 9, 6, 9, 6, 2, 0, 4, 7, 5, 7, 8, 7, 9, 1]
[6, 3, 7, 5, 10, 2, 8, 2, 6, 4, 10, 1, 7, 7, 10, 9, 2, 5, 2]
[4, 2, 9, 6, 3, 8, 4, 4, 2, 1, 1]
[2, 10, 0, 9, 7, 1, 3, 5, 1, 8, 3, 8, 10, 9]
[6, 6, 6, 2, 7, 1, 7, 9, 1, 1, 8, 9, 6, 7]
[6, 9, 2, 3, 6, 3, 7, 10, 5, 4, 8, 6, 6, 3, 3, 10]
[8, 8, 5, 1, 2, 5, 1, 6, 1, 6, 0]
[4, 5, 10, 6, 6, 2, 2, 4, 4, 4, 9, 4, 5]
[2, 0, 3, 5, 4, 9, 4, 7, 1, 0, 5, 5, 4]
[5, 2, 6, 3, 1, 1, 6, 0, 7, 7, 4, 7, 6]
[7, 4, 8, 2, 9, 7, 1, 7, 8, 3, 7, 5, 3, 2, 7, 3, 5, 3, 5]
[0, 9, 7, 7, 5, 10, 0, 5, 7, 6, 8, 7, 7]
[8, 1, 3, 10, 0, 8, 8, 7, 8, 8, 7, 8, 7, 9, 6, 7, 8, 9]
[9, 7, 5, 10, 5, 7, 0, 8, 7, 6, 3, 6, 2, 8, 7, 3]
[3, 9, 6, 9, 5, 10, 4, 9, 0, 1, 3]
[6, 3, 9, 5, 4, 2, 6, 4, 4, 9, 9, 10, 8, 7]
[3, 6, 5, 6, 9, 1, 5, 9, 9, 5, 7, 6, 9, 3, 7, 6]
[4, 4, 5, 9, 8, 9, 8, 1, 3, 5, 1, 3, 6, 9, 7]
[8, 6, 9, 9, 5, 3, 7, 7, 3, 5, 3, 4, 0, 7, 7]
[0, 4, 3, 8, 0, 3, 1, 2, 7, 7, 8, 5]
[2, 7, 6, 1, 0, 5, 2, 2, 1, 3, 6, 6, 1, 0, 5, 8]
[4, 7, 5, 1, 0, 6, 0, 7, 8, 10, 4, 2, 3, 4, 8, 0]
[4, 1, 7, 7, 4, 5, 1, 5, 9, 6, 8, 1, 2, 3, 2, 2, 1, 10, 5]
[4, 5, 7, 2, 3, 7, 5, 9, 4, 2, 7, 8, 9, 1, 5, 6, 2, 2, 8]
[3, 9, 7, 1, 6, 7, 0, 8, 6, 10, 6, 4, 5, 8, 0, 6, 7, 10, 7]
[0, 1, 3, 1, 8, 8, 8, 1, 4, 8, 3, 8, 1, 0, 5]
[6, 1, 3, 4, 4, 7, 0, 4, 10, 5, 5, 7, 5, 10]
[4, 0, 6, 9, 2, 8, 1, 7, 5, 3, 5, 3, 3, 1, 10, 2]
[4, 2, 9, 2, 3, 6, 8, 7, 2, 2, 10, 9, 0, 4]
[9, 7, 3, 5, 5, 1, 7, 3, 5, 7, 8, 8, 4, 9, 2, 0, 8, 4, 7]
[6, 7, 7, 1, 0, 8, 0, 3, 7, 10, 1, 5]
[6, 6, 6, 5, 3, 6, 6, 6, 6, 0, 4, 4, 9, 5, 3]
[6, 9, 2, 8, 1, 8, 8, 6, 2, 2, 5, 7, 7, 6, 9, 1, 3]
[4, 9, 2, 9, 3, 4, 9, 7, 3, 1, 3, 7, 8, 3, 2, 6, 1, 0, 6, 5]
[4, 4, 9, 8, 9, 1, 0, 10, 3, 8, 2, 7]
[8, 0, 6, 6, 3, 9, 0, 9, 9, 7, 9, 5, 2, 3, 1, 5, 6, 4, 6, 8]
[8, 1, 8, 9, 2, 0, 6, 2, 1, 9, 6, 2, 5, 3, 1, 2, 1, 3, 3, 5]
[9, 3, 3, 4, 6, 3, 3, 4, 3, 5, 6, 9]
[1, 6, 0, 2, 4, 4, 5, 5, 7, 9, 10, 2, 6, 6, 6]
[10, 4, 3, 10, 4, 3, 9, 0, 2, 8, 8, 8, 7, 0, 0]
[6, 4, 7, 6, 6, 6, 6, 6, 4, 3, 8, 8, 7]
[8, 5, 3, 7, 2, 8, 9, 4, 2, 2, 6, 1, 2, 2, 6, 10]
[1, 3, 2, 2, 7, 2, 6, 5, 5, 10, 2, 5, 9, 2, 1]
[1, 10, 1, 2, 4, 1, 4, 3, 2, 7, 5, 8, 9, 2, 4, 5, 5, 8, 2]
[2, 1, 0, 3, 3, 1, 4, 8, 6, 3, 3, 7, 0, 8, 5, 1, 2, 0, 9]
[2, 7, 4, 4, 3, 10, 5, 1, 2, 3, 4, 5, 1]
[7, 2, 7, 2, 2, 6, 4, 1, 3, 3, 7, 3]
[8, 5, 8, 4, 10, 9, 9, 8, 2, 9, 5, 9, 1]
[3, 8, 5, 0, 10, 5, 5, 3, 7, 3, 3, 0, 8, 6, 4, 6]
[1, 6, 2, 9, 4, 2, 9, 9, 4, 6, 3, 6]
[3, 9, 8, 0, 9, 2, 9, 5, 6, 6, 9, 6, 4, 8, 0]
[8, 1, 6, 7, 2, 8, 2, 7, 2, 5, 9, 0]
[5, 0, 2, 6, 1, 4, 9, 1, 5, 1]
[5, 9, 2, 1, 9, 1, 6, 2, 3, 9, 5, 2, 2, 5, 5, 8, 4, 4, 8, 3]
[5, 1, 8, 8, 2, 8, 3, 3, 8, 0]
[7, 4, 1, 3, 2, 2, 8, 6, 0, 1, 5, 3, 5, 5, 1]
[2, 10, 0, 7, 8, 7, 8, 4, 4, 7, 8, 4, 2, 7, 4]
[2, 4, 4, 6, 3, 4, 7, 1, 10, 7, 8, 2]
[8, 3, 2, 0, 6, 9, 5, 3, 4, 6, 0, 8, 6, 10, 4, 1]
[1, 5, 3, 5, 9, 3, 8, 6, 5, 7, 3, 7, 7, 8]
[9, 7, 8, 3, 10, 3, 10, 1, 5, 1, 10]
[0, 2, 4, 6, 4, 2, 5, 0, 9, 6, 1, 3, 4]
[5, 6, 1, 4, 0, 9, 4, 5, 7, 10, 9, 10, 1, 5, 7, 6, 7, 5, 5, 8]
[3, 8, 9, 10, 3, 9, 3, 8, 3, 3, 9, 2, 7, 2, 1, 4, 6, 8, 2]
[9, 4, 4, 6, 6, 1, 8, 9, 5, 7, 6, 7, 8, 6, 8, 4, 5]
[7, 8, 9, 10, 5, 8, 1, 2, 1, 0, 9, 3, 1, 10, 5, 1, 9, 8]
[4, 4, 6, 9, 8, 7, 9, 5, 3, 8, 5]
[6, 1, 5, 0, 8, 9, 3, 9, 5, 1, 8]
[5, 1, 2, 8, 10, 3, 3, 10, 5, 9, 4, 2, 7, 6, 7, 4]
[3, 3, 5, 8, 8, 1, 1, 2, 7, 1, 6, 1, 6, 0]
[4, 2, 2, 1, 3, 3, 6, 1, 7, 2, 7, 10, 2, 1, 6]
[4, 2, 8, 7, 1, 9, 8, 8, 2, 1, 1, 2]
[7, 8, 0, 1, 8, 6, 2, 0, 9, 2, 6, 1, 1, 9, 3, 9, 3]
[1, 3, 4, 6, 1, 5, 1, 3, 9, 0, 3, 6, 4, 5]
[7, 5, 5, 1, 1, 2, 4, 8, 9, 10, 3, 2, 8, 4, 7, 7, 1, 0, 4]
[7, 4, 1, 10, 10, 2, 0, 1, 5, 4, 0, 5, 5, 5, 7, 2, 4, 2, 5]
[2, 2, 2, 7, 8, 10, 0, 9, 2, 2, 8, 10, 8, 5, 7, 3, 6, 7, 3, 7]
[4, 7, 6, 2, 7, 3, 10, 5, 9, 8, 9, 8, 6, 1, 10, 3, 3]
[9, 4, 4, 9, 8, 3, 1, 4, 0, 9, 6, 9, 4, 2, 1, 1]
[8, 0, 0, 4, 10, 7, 2, 1, 3, 8, 9, 9, 2, 0, 8]
[5, 9, 1, 3, 9, 0, 3, 3, 6, 4, 10, 8, 7, 8]
[3, 7, 2, 1, 4, 3, 10, 5, 3, 5, 5, 5, 1, 6, 9]
[9, 1, 9, 2, 0, 6, 4, 1, 2, 2, 3, 6, 5, 1, 2, 4]
[9, 6, 8, 8, 6, 2, 1, 5, 6, 1, 1, 7, 3, 6]
[4, 9, 2, 1, 4, 6, 2, 9, 0, 3, 2]
[0, 1, 9, 7, 3, 7, 6, 9, 6, 9, 2, 7, 3, 3, 2, 2, 9, 2]
[6, 5, 9, 7, 3, 4, 3, 6, 7, 6, 6, 5, 10, 9, 7]
[9, 2, 5, 1, 3, 8, 1, 8, 1, 8, 5, 6, 6, 9]
[5, 8, 6, 1, 7, 9, 6, 6, 6, 10, 4, 1, 2, 1, 6, 9, 9, 6, 1]
[7, 1, 5, 8, 4, 3, 6, 3, 9, 4, 6, 4]
[4, 10, 7, 0, 3, 5, 0, 3, 5, 3]
[8, 2, 8, 3, 8, 9, 4, 5, 9, 8, 1, 10, 0, 6, 2, 6, 5, 8, 7]
[1, 4, 4, 3, 10, 10, 4, 2, 6, 6, 1, 1, 5, 7, 10, 4, 5]
[4, 6, 7, 2, 9, 7, 8, 3, 7, 8, 7, 7, 3, 7]
[9, 6, 7, 3, 5, 5, 3, 7, 1, 0, 8, 0, 9]
[5, 5, 7, 9, 8, 2, 9, 2, 2, 7, 0, 4, 1, 7]
[0, 5, 8, 2, 1, 6, 7, 8, 5, 3, 2, 6, 5, 9, 2, 9, 7, 10, 8]
[0, 4, 3, 5, 8, 2, 7, 5, 5, 8, 2, 7, 4, 4, 5]
[4, 6, 8, 1, 5, 9, 5, 2, 0, 8, 4, 6, 7, 9, 8, 5, 7, 1, 5, 6]
[2, 7, 6, 0, 9, 5, 5, 3, 9, 7]
[1, 8, 6, 8, 4, 2, 1, 4, 2, 4, 3]
[8, 7, 5, 6, 8, 5, 2, 1, 3, 2, 3, 3, 8, 1, 7, 7, 6, 8, 4, 2]
[8, 2, 3, 4, 0, 9, 2, 4, 4, 7, 0]
[7, 2, 8, 10, 9, 7, 6, 5, 3, 1, 9, 10]
[2, 4, 2, 3, 6, 10, 4, 0, 5, 1, 2, 6, 3, 5, 4, 2, 9, 10, 8]
[9, 1, 8, 8, 9, 0, 8, 7, 8, 4, 2, 5, 2, 5, 3]
[8, 5, 4, 4, 5, 9, 9, 6, 4, 8, 10, 3, 3]
[3, 7, 1, 2, 9, 7, 0, 1, 4, 9, 6, 8, 6, 6, 3, 7, 4, 10, 8]
[8, 4, 5, 2, 3, 7, 4, 6, 5, 1, 7, 8, 5, 4]
[5, 6, 8, 4, 7, 10, 2, 5, 5, 6, 2, 1, 8, 2, 4, 3, 3, 5, 3]
[2, 5, 10, 9, 9, 6, 2, 6, 3, 9, 3, 6, 9]
[5, 0, 4, 2, 9, 10, 7, 3, 6, 2, 2, 9, 9, 2, 6, 0, 3]
[5, 1, 7, 7, 5, 10, 8, 3, 1, 6]
[7, 0, 3, 5, 8, 2, 7, 7, 1, 6, 5, 8]
[2, 7, 4, 9, 1, 0, 8, 3, 9, 7, 3, 8, 1, 5, 3]
[1, 3, 3, 5, 8, 0, 0, 1, 9, 2, 3, 10, 2]
[10, 6, 9, 4, 9, 9, 5, 8, 4, 2, 4, 7, 10, 7, 6, 9, 5]
[8, 4, 7, 7, 9, 5, 2, 8, 9, 1, 8, 9, 2, 9, 1, 7, 10, 10, 8]
[5, 8, 9, 1, 8, 9, 8, 6, 1, 6, 1, 8]
[8, 8, 4, 6, 1, 3, 1, 8, 3, 5, 2, 10, 9, 4]
[0, 1, 9, 5, 9, 6, 8, 5, 1, 9, 7, 3, 6, 10, 1, 4, 3, 5, 3]
[3, 5, 10, 9, 6, 9, 9, 5, 7, 8, 10, 3, 0, 8, 3, 3, 3]
[3, 7, 8, 10, 5, 1, 0, 5, 2, 1, 4, 4, 7, 10, 3, 5, 0]
[5, 8, 10, 8, 6, 7, 2, 3, 6, 4]
[5, 5, 5, 5, 4, 8, 4, 3, 4, 4, 1]
[1, 2, 5, 5, 5, 7, 10, 9, 7, 0, 6, 5, 4, 3, 7, 4, 9, 0]
[9, 7, 5, 6, 10, 5, 3, 10, 2, 3, 9, 8, 5, 9, 1]
[3, 1, 9, 6, 10, 4, 3, 9, 3, 3, 9, 6, 1, 4, 5, 2, 8, 7]
[0, 6, 10, 8, 6, 7, 8, 8, 0, 3, 3, 7, 3, 6, 2]
[8, 5, 8, 1, 3, 7, 7, 3, 4, 1, 2, 3, 4, 10, 1, 3]
[9, 9, 3, 7, 3, 2, 5, 9, 3, 4, 2, 4, 0, 9, 7, 8, 4, 3, 6, 2]
[8, 6, 1, 10, 10, 2, 2, 3, 2, 8, 7, 4, 8]
[5, 7, 6, 6, 4, 4, 3, 1, 6, 8, 2, 1, 9, 4, 1, 3]
[9, 4, 2, 9, 2, 1, 0, 7, 2, 4, 1, 10, 1, 1, 2, 1, 5]
[7, 7, 1, 6, 2, 6, 5, 9, 8, 10, 10, 3, 10, 4]
[5, 2, 5, 3, 8, 0, 2, 9, 6, 3]
[6, 2, 7, 4, 3, 1, 5, 2, 3, 8, 5, 6, 1, 1, 5, 7, 6, 4]
[7, 9, 10, 3, 0, 2, 0, 8, 2, 9, 8, 8, 4]
[8, 9, 3, 4, 3, 8, 0, 1, 3, 6, 3, 0, 10, 0, 5]
[3, 4, 7, 1, 2, 8, 5, 2, 9, 8, 9, 5, 7, 2, 4, 8, 6, 0, 3, 8]
[9, 0, 4, 5, 9, 7, 7, 6, 8, 1, 8, 5, 9, 7, 1, 9, 4]
[6, 5, 4, 6, 2, 8, 2, 6, 9, 8, 6, 2, 6, 6]
[3, 6, 7, 5, 7, 7, 6, 8, 1, 3, 2, 8, 3, 6]
[2, 2, 4, 3, 5, 7, 4, 5, 9, 10]
[0, 1, 6, 0, 6, 6, 9, 5, 4, 1, 9, 6, 3, 8, 6, 3, 6, 5]
[2, 5, 5, 2, 8, 1, 8, 4, 9, 1, 1]
[0, 2, 5, 5, 7, 5, 6, 7, 2, 8, 8, 2, 2, 8, 9, 5, 8, 9, 9]
[5, 0, 4, 3, 9, 2, 10, 1, 1, 1]
[0, 1, 4, 6, 2, 6, 8, 6, 3, 2, 8, 9, 9, 2, 9, 8, 7, 8]
[8, 9, 8, 10, 9, 2, 5, 4, 7, 2, 6, 5, 9, 5, 8, 5, 2, 2, 6, 5]
[2, 9, 9, 8, 2, 2, 3, 6, 9, 2, 4, 3, 5, 8, 2]
[0, 4, 2, 9, 9, 4, 9, 1, 10, 9, 3, 5, 7, 9, 7, 4, 4, 7]
[2, 4, 1, 8, 9, 0, 6, 6, 6, 5, 2, 0, 10, 0]
[5, 8, 5, 2, 2, 3, 5, 2, 5, 4, 2, 4, 9, 9, 7]
[7, 10, 3, 9, 3, 9, 6, 5, 5, 6, 4]
[8, 7, 3, 1, 10, 6, 8, 3, 10, 7, 5, 0, 5, 4, 2]
[6, 4, 8, 8, 1, 2, 3, 6, 9, 3, 0, 1, 4, 6, 6, 3, 3, 5, 6, 4]
[9, 2, 1, 2, 9, 4, 4, 1, 7, 1, 3, 7, 6, 0, 7, 7]
[7, 6, 7, 6, 2, 10, 7, 5, 8, 9, 9, 9, 6, 9, 7, 8]
[4, 2, 10, 8, 6, 8, 4, 8, 7, 8, 6, 1, 7, 4, 3, 2, 3]
[6, 9, 4, 3, 3, 1, 4, 6, 1, 0, 4, 9, 9, 5]
[9, 4, 8, 0, 10, 10, 3, 9, 4, 2, 5, 9, 1, 6, 5, 2, 5, 2]
[0, 2, 2, 5, 2, 2, 8, 1, 7, 7, 6, 5, 8, 8, 5]
[7, 3, 6, 6, 1, 5, 3, 9, 2, 9, 1, 7, 0, 0, 7, 5, 8, 5, 1]
[3, 5, 5, 5, 8, 3, 3, 0, 3, 8, 9, 1, 6, 4, 1, 6, 8, 9, 0]
[1, 3, 8, 0, 3, 6, 8, 5, 9, 4, 10, 3, 5, 0, 2, 1]
[3, 2, 1, 1, 5, 4, 3, 1, 3, 9, 9, 5, 2, 7, 8, 5]
[8, 8, 8, 5, 4, 6, 8, 4, 9, 2, 7, 9, 8, 9, 3, 1, 3, 3]
[2, 4, 2, 1, 2, 3, 8, 0, 9, 0, 1, 7, 8, 8, 7, 2]
[3, 4, 10, 6, 4, 2, 9, 9, 1, 4, 9, 6, 4, 4, 6, 3]
[9, 2, 2, 3, 2, 9, 8, 5, 9, 2, 7, 8, 7, 6, 10, 1, 9, 1]
[0, 8, 1, 3, 2, 4, 7, 5, 6, 3, 5, 4, 3, 5, 2, 4, 6]
[8, 4, 1, 4, 2, 5, 0, 1, 2, 1, 6, 1, 6, 8]
[6, 7, 6, 8, 7, 9, 4, 5, 8, 6, 5, 0, 10, 5]
[1, 4, 0, 1, 3, 10, 8, 1, 3, 5, 1, 4, 7, 9, 1]
[10, 6, 0, 5, 8, 2, 7, 7, 5, 3, 4, 10, 9, 2, 6, 7, 2]
[3, 5, 6, 9, 2, 3, 8, 1, 4, 7, 1, 10, 5, 3, 1, 10, 0, 10]
[2, 3, 3, 5, 4, 3, 2, 8, 3, 2, 2, 6, 1, 7, 5, 8, 8]
[3, 5, 0, 9, 1, 6, 2, 7, 6, 6, 6, 3, 9, 5]
[9, 7, 8, 9, 5, 8, 10, 10, 9, 4, 3, 8, 7, 1]
[2, 0, 6, 1, 7, 5, 7, 2, 7, 8, 9, 5, 2, 9, 8, 6, 9, 4, 3]
[4, 7, 8, 1, 10, 7, 7, 8, 9, 8, 1, 7]
[3, 3, 6, 6, 4, 2, 9, 5, 9, 6, 2, 7, 2, 4, 1, 0, 2, 2]
[4, 4, 2, 7, 5, 5, 2, 10, 3, 8, 4, 2, 3, 7, 7, 1]
[8, 6, 2, 2, 6, 0, 3, 7, 10, 5, 5, 0, 7]
[1, 8, 2, 1, 5, 7, 0, 6, 8, 7, 5, 6, 2, 3, 3, 1, 7, 7]
[3, 1, 5, 2, 7, 4, 5, 7, 1, 3, 7, 2, 7, 1, 6, 1, 1, 9]
[6, 1, 9, 4, 9, 9, 4, 7, 6, 9]
[6, 10, 2, 8, 6, 5, 3, 1, 6, 3, 2, 7, 1, 8, 1]
[8, 6, 8, 9, 5, 3, 3, 3, 2, 3, 8, 3]
[1, 5, 5, 1, 9, 9, 9, 2, 5, 9, 8, 2, 4, 2, 8, 3, 5]
[10, 6, 5, 3, 4, 4, 6, 10, 0, 1, 3]
[0, 9, 4, 4, 5, 2, 8, 2, 4, 7, 4, 7, 1, 2]
[5, 10, 2, 0, 2, 3, 0, 9, 1, 8, 7, 3, 6, 2, 0]
[0, 4, 3, 1, 6, 9, 8, 8, 8, 5, 5, 9, 9]
[7, 9, 3, 9, 9, 3, 2, 7, 4, 9, 9, 2, 1, 4, 8, 0, 4, 3]
[2, 8, 6, 1, 4, 6, 2, 7, 0, 4, 7, 2, 9, 9, 5, 2, 2, 1]
[2, 10, 5, 9, 2, 9, 4, 0, 8, 8, 3, 5, 5, 5]
[1, 4, 0, 8, 10, 10, 7, 6, 1, 7, 3, 1, 6, 8, 0, 1, 0, 5]
[0, 7, 1, 0, 3, 5, 3, 6, 3, 6, 4]
[3, 10, 4, 2, 4, 9, 8, 3, 5, 4, 10, 1, 9, 8, 4, 3, 7, 10, 4]
[3, 0, 6, 4, 2, 2, 2, 2, 6, 7, 2]
[7, 4, 6, 6, 8, 1, 9, 10, 1, 9, 4, 5, 9, 9, 1, 9, 5, 9, 2, 6]
[0, 4, 7, 9, 7, 5, 7, 6, 0, 2, 7, 6, 4, 7, 2, 1, 5, 1, 8]
[6, 2, 8, 4, 5, 5, 8, 2, 9, 7, 7, 4, 3, 0, 6, 6, 4, 8]
[6, 9, 7, 7, 7, 7, 0, 1, 0, 8, 7]
[1, 2, 8, 6, 8, 5, 7, 9, 3, 3, 4, 4, 4, 3, 4, 3]
[8, 7, 4, 3, 7, 9, 2, 4, 6, 6, 3, 10]
[0, 10, 4, 10, 0, 8, 3, 4, 7, 4, 8, 1]
[4, 5, 9, 8, 4, 1, 9, 4, 9, 0, 5, 3, 4, 5, 3, 5, 5, 3, 6]
[9, 1, 7, 4, 3, 6, 9, 1, 8, 1, 7, 0, 7, 5, 6, 4]
[2, 2, 9, 8, 10, 9, 1, 3, 4, 8, 1, 6]
[3, 9, 3, 0, 3, 9, 8, 8, 6, 5, 7, 9, 5]
[5, 7, 10, 2, 1, 2, 7, 2, 8, 5, 9, 7, 9, 9, 6, 3, 2]
[5, 6, 5, 9, 9, 4, 0, 3, 2, 2, 1, 2, 3, 2, 7, 4, 4]
[4, 2, 2, 3, 2, 3, 6, 8, 9, 9, 4, 7, 4, 2, 6, 3, 0, 9, 5]
[2, 5, 6, 5, 4, 8, 4, 9, 9, 9, 7, 8, 1, 4, 7, 2, 7]
[2, 6, 4, 6, 9, 7, 4, 8, 5, 10, 8, 9, 7]
[0, 7, 6, 1, 4, 1, 2, 2, 9, 7, 7, 3, 8]
[6, 7, 9, 2, 9, 2, 7, 1, 5, 3]
[9, 0, 4, 7, 6, 2, 1, 5, 1, 3, 6]
[4, 5, 9, 4, 1, 5, 10, 3, 9, 8, 2, 9, 1]
[3, 1, 0, 5, 2, 10, 0, 4, 4, 10, 6, 5, 8, 7]
[2, 1, 4, 3, 5, 7, 2, 9, 5, 7, 0, 0, 8, 1, 9, 9, 8, 8, 7]
[8, 7, 8, 3, 10, 1, 1, 1, 2, 6, 8, 9, 5, 10]
[10, 3, 4, 7, 2, 3, 9, 5, 2, 3, 9, 4, 5, 0, 6, 8, 3, 5, 2]
[2, 7, 7, 5, 7, 5, 0, 8, 6, 2, 8, 4, 3, 5, 2, 8, 5, 5]
[8, 2, 1, 6, 4, 1, 6, 7, 8, 2, 3, 6, 9, 4, 10, 10]
[9, 5, 10, 7, 4, 7, 3, 4, 10, 4, 8, 8, 4, 7, 4, 4]
[7, 10, 2, 1, 1, 5, 8, 8, 1, 8, 5, 2, 2, 0, 1, 9, 0]
[8, 5, 4, 8, 2, 5, 8, 8, 3, 5, 6, 8, 1, 9]
[7, 8, 1, 10, 3, 6, 4, 7, 5, 9, 9]
[2, 0, 7, 1, 3, 9, 6, 9, 7, 4, 7, 5, 3, 6, 1, 2, 7, 2]
[9, 5, 3, 5, 4, 3, 7, 0, 10, 5, 6, 6, 4, 6, 9, 2]
[0, 4, 2, 3, 1, 7, 7, 4, 3, 7, 4, 4, 9, 9]
[2, 8, 2, 4, 9, 3, 2, 4, 3, 1, 6, 3, 10, 8, 6, 10, 9, 3, 3]
[9, 4, 6, 9, 2, 2, 7, 8, 3, 5, 5, 5, 3, 1, 7, 3, 8, 8, 10]
[3, 3, 5, 7, 6, 9, 4, 1, 4, 8, 2, 7, 2, 2, 3, 7, 8, 9, 6]
[4, 1, 3, 9, 5, 5, 3, 10, 9, 2, 4, 2, 9, 1, 8]
[0, 8, 8, 2, 7, 10, 10, 9, 5, 4, 4, 2, 9, 10, 6, 9, 2, 10]
[6, 8, 8, 7, 3, 5, 2, 10, 4, 8, 3]
[6, 8, 2, 3, 0, 10, 3, 0, 5, 6, 1, 2, 10, 3, 4]
[4, 9, 6, 6, 9, 10, 6, 6, 1, 1, 9, 9, 5, 2, 10]
[10, 7, 10, 1, 0, 9, 8, 1, 1, 3, 6, 8, 6, 3]
[6, 4, 10, 8, 9, 2, 3, 6, 4, 7, 7]
[2, 9, 9, 1, 1, 3, 5, 2, 6, 5, 6, 2, 4, 1]
[1, 5, 4, 7, 8, 8, 6, 4, 7, 6, 1, 3]
[2, 1, 8, 5, 3, 2, 2, 5, 8, 1, 5, 9, 7, 2]
[3, 8, 1, 4, 3, 7, 9, 1, 7, 9, 0, 0, 4, 7, 6, 7, 7, 0, 7, 5]
[10, 4, 9, 5, 8, 4, 1, 3, 2, 1, 0, 2, 8, 2, 1, 5, 9]
[3, 8, 7, 10, 2, 3, 10, 10, 1, 7, 6, 8, 7]
[6, 5, 7, 7, 2, 8, 1, 1, 1, 3, 5, 3, 7, 7, 7, 7, 7, 1, 2, 4]
[7, 1, 3, 5, 8, 3, 7, 5, 0, 8, 6, 2, 2]
[10, 0, 5, 8, 8, 4, 6, 1, 1, 3, 5, 8, 1]
[2, 4, 8, 7, 5, 7, 3, 3, 8, 6, 1, 3, 10, 1]
[3, 7, 8, 7, 2, 3, 1, 4, 5, 7]
[4, 5, 4, 4, 2, 5, 2, 6, 8, 6]
[8, 8, 8, 5, 2, 3, 1, 9, 7, 8, 8, 6, 5, 8]
[7, 1, 8, 5, 2, 10, 0, 6, 0, 4, 1, 3, 1, 9]
[8, 4, 1, 6, 2, 8, 3, 9, 9, 2, 3]
[7, 5, 8, 7, 8, 8, 1, 2, 7, 5, 1]
[1, 0, 5, 9, 5, 9, 7, 6, 7, 2, 7, 1, 7, 6]
[2, 4, 3, 5, 7, 4, 8, 10, 2, 10, 8, 1, 6, 6, 3, 7, 2, 9]
[3, 6, 2, 3, 8, 6, 7, 10, 7, 9, 4, 9, 0, 5, 5, 1, 1, 10]
[10, 9, 7, 8, 1, 5, 9, 2, 6, 7, 7, 2, 2, 7]
[4, 2, 5, 10, 1, 8, 6, 4, 3, 10, 7, 5, 9, 2]
[2, 7, 1, 1, 4, 9, 3, 10, 1, 4, 8, 7]
[9, 7, 5, 2, 4, 3, 6, 7, 6, 6, 8, 2, 7, 2]
[3, 9, 9, 3, 8, 4, 6, 7, 7, 5, 0, 7, 7]
[8, 7, 8, 3, 4, 1, 1, 8, 8, 5, 4, 2]
[6, 3, 3, 4, 8, 5, 6, 7, 5, 1, 4, 7, 7, 7, 4, 2]
[4, 6, 3, 0, 10, 8, 7, 3, 9, 6, 7]
[9, 4, 1, 8, 4, 2, 5, 9, 7, 2, 7, 8, 4]
[1, 0, 3, 8, 9, 5, 1, 7, 9, 10, 4, 2, 5, 5, 1]
[9, 4, 5, 4, 8, 5, 6, 6, 0, 6, 6, 5, 6, 5, 2, 5, 5]
[8, 2, 2, 5, 4, 9, 1, 2, 0, 5, 7, 10, 4, 8, 7]
[5, 0, 5, 1, 6, 4, 7, 7, 1, 6, 9, 3, 10, 6, 4, 4, 3, 7, 6]
[9, 5, 1, 0, 4, 3, 4, 5, 4, 0, 6, 4, 8]
[3, 3, 8, 9, 6, 9, 8, 3, 3, 9, 1, 6]
[7, 4, 0, 6, 6, 3, 9, 5, 1, 8, 9, 9, 1, 0, 1]
[5, 0, 0, 1, 1, 7, 4, 7, 2, 6, 8, 3, 2, 6, 4, 5]
[4, 6, 4, 7, 7, 6, 2, 9, 9, 1, 9, 3, 4, 4, 2, 9, 6, 5, 3, 0]
[9, 3, 6, 5, 7, 1, 8, 9, 4, 3, 9, 10, 5, 2, 8, 5, 8, 1, 9]
[7, 2, 6, 8, 2, 4, 2, 3, 7, 5, 1]
[3, 2, 7, 6, 2, 6, 10, 8, 1, 7, 3, 3, 9, 7, 10, 8, 8]
[5, 6, 8, 9, 2, 1, 9, 7, 1, 7, 0, 9, 7, 6, 10, 1, 1]
[5, 1, 1, 10, 9, 6, 6, 7, 0, 1, 0, 5, 5]
[10, 6, 2, 5, 7, 10, 0, 4, 10, 6]
[6, 2, 4, 2, 5, 0, 7, 1, 2, 1, 2, 9, 1]
[2, 2, 5, 4, 0, 4, 0, 9, 7, 4, 3, 5, 3, 10, 9, 3]
[7, 1, 3, 3, 5, 5, 8, 3, 10, 7, 1, 8, 9]
[5, 9, 6, 4, 5, 4, 2, 6, 9, 3, 10, 9, 0, 8, 8, 0, 4, 8, 1, 1]
[10, 6, 2, 5, 10, 2, 3, 1, 2, 7, 0, 9]
[1, 2, 0, 2, 4, 4, 3, 4, 9, 6, 6, 3, 5, 3, 5, 8, 6, 4, 5, 4]
[1, 8, 9, 0, 3, 9, 3, 2, 9, 5, 7]
[2, 5, 5, 2, 9, 2, 2, 4, 7, 10, 6, 9, 6, 4, 5, 1, 1]
[4, 1, 6, 10, 9, 0, 3, 0, 3, 6, 1, 3, 10, 2, 8, 8, 3]
[6, 3, 10, 6, 9, 2, 5, 7, 3, 3, 9, 2, 6, 5, 1, 2]
[6, 2, 6, 7, 1, 10, 3, 9, 0, 4, 6, 3, 3, 7, 3, 7]
[7, 5, 8, 8, 6, 4, 3, 1, 7, 8, 9, 9, 8, 8, 5, 7]
[9, 0, 2, 7, 4, 9, 1, 4, 2, 3, 6, 9, 4, 1, 3, 7]
[0, 2, 2, 5, 6, 9, 6, 5, 3, 10, 0, 6, 7]
[9, 1, 7, 3, 7, 2, 3, 7, 10, 8, 6, 5, 5, 5, 0]
[4, 8, 7, 7, 6, 5, 9, 8, 3, 2, 7, 3, 5, 6, 4]
[9, 3, 6, 1, 7, 2, 2, 4, 3, 8, 4, 2, 0, 1, 8, 1, 2]
[10, 2, 5, 1, 2, 9, 3, 9, 7, 3, 9, 0, 3, 8, 8, 8, 9, 5, 3, 2]
[3, 1, 5, 7, 9, 9, 0, 7, 4, 4, 3, 10, 10, 2, 5, 1]
[10, 3, 8, 4, 5, 5, 7, 1, 8, 3, 10, 7, 7]
[10, 1, 9, 0, 9, 2, 8, 2, 8, 6, 4, 5, 4, 5, 6, 9]
[5, 2, 5, 7, 5, 8, 5, 5, 0, 4, 7]
[2, 3, 4, 5, 1, 10, 8, 10, 9, 1, 8]
[5, 6, 5, 9, 1, 6, 7, 7, 3, 7, 8, 6, 9, 3, 3]
[7, 2, 3, 9, 1, 10, 5, 4, 6, 3, 4, 4, 2, 5, 7, 1, 2]
[10, 7, 8, 1, 3, 6, 6, 9, 9, 3]
[0, 3, 2, 5, 1, 3, 7, 1, 4, 10, 2, 8, 1, 6, 4, 3]
[3, 9, 4, 6, 1, 2, 3, 2, 8, 5, 2]
[3, 4, 2, 7, 2, 1, 10, 8, 8, 10, 8, 9, 1, 8, 7, 9, 6, 6, 7, 6]
[4, 0, 7, 5, 1, 1, 7, 6, 1, 2, 3, 7, 2, 0, 7, 9, 7, 6, 9]
[2, 5, 6, 2, 6, 0, 5, 9, 0, 3, 5, 8, 4, 10, 10, 6, 5, 3]
[8, 3, 8, 4, 2, 9, 4, 6, 9, 7, 5]
[1, 4, 8, 9, 8, 6, 3, 4, 7, 0, 6, 10, 8, 6, 4, 7, 0, 7, 9]
[3, 2, 5, 8, 2, 5, 10, 5, 1, 3]
[1, 4, 3, 6, 1, 9, 2, 5, 0, 0, 5]
[10, 1, 9, 3, 9, 2, 7, 5, 1, 8, 5, 1, 0, 10, 1]
[10, 1, 4, 0, 7, 8, 9, 3, 10, 2, 2]
[10, 2, 7, 6, 4, 6, 9, 0, 3, 2, 4]
[2, 0, 6, 2, 0, 2, 10, 7, 1, 2]
[4, 0, 8, 1, 6, 0, 2, 6, 7, 4, 9, 7, 9, 4, 5, 10]
[7, 1, 1, 7, 1, 4, 8, 4, 6, 4, 3, 3, 4, 1]
[0, 6, 6, 1, 4, 10, 2, 9, 1, 7, 4, 7, 9, 4, 7, 3, 6, 2, 0]
[3, 10, 6, 8, 1, 0, 2, 1, 5, 1, 1, 9, 5, 9, 8, 7]
[6, 4, 6, 5, 7, 4, 8, 10, 2, 0]
[3, 5, 4, 5, 2, 1, 2, 9, 2, 6, 3, 8, 4]
[9, 1, 5, 2, 5, 5, 6, 3, 6, 2, 8, 7, 1, 3]
[2, 6, 4, 10, 6, 1, 4, 2, 3, 6, 6]
[6, 2, 0, 8, 3, 7, 9, 5, 6, 5, 1, 4, 4, 8, 2]
[3, 10, 5, 3, 10, 2, 7, 6, 9, 1, 1, 1, 1, 7, 8]
[2, 6, 2, 4, 3, 3, 7, 9, 2, 8, 7, 0]
[5, 6, 9, 6, 7, 3, 3, 5, 6, 7, 10, 4, 5, 7, 7, 8, 8, 7]
[10, 3, 0, 0, 7, 6, 8, 5, 9, 4, 0, 1, 3, 10, 7]
[5, 8, 8, 6, 2, 8, 5, 2, 5, 0, 2, 0, 8, 3, 4, 7, 2, 1]
[1, 4, 4, 8, 6, 6, 7, 7, 4, 4, 9, 3, 3, 6]
[8, 5, 5, 2, 0, 7, 9, 2, 8, 3, 6, 6]
[2, 9, 8, 5, 7, 6, 6, 0, 3, 0, 1, 2, 4, 9, 8, 6]
[3, 6, 7, 9, 1, 7, 4, 9, 4, 8, 6, 8, 4, 8, 9, 1]
[7, 7, 8, 7, 9, 8, 7, 5, 7, 6, 0, 2, 5, 5, 8]
[8, 5, 7, 7, 2, 10, 7, 5, 1, 4, 7, 1, 6, 5, 1]
[9, 5, 9, 7, 2, 6, 3, 8, 3, 6, 9, 6, 7, 3, 10]
[7, 2, 3, 9, 7, 4, 3, 10, 2, 8, 5, 8]
[9, 4, 6, 2, 8, 2, 0, 6, 6, 2, 2, 9, 7, 2, 2]
[8, 4, 2, 6, 3, 7, 5, 3, 2, 6, 9, 0, 6, 7, 1, 9, 9]
[5, 9, 4, 8, 8, 7, 1, 4, 3, 6, 2, 4, 2, 6]
[0, 4, 2, 7, 5, 1, 8, 9, 1, 0, 5, 8, 1, 0]
[2, 1, 5, 4, 8, 6, 8, 0, 8, 5, 3, 3, 6]
[6, 7, 6, 3, 6, 3, 5, 8, 1, 4]
[0, 7, 2, 3, 1, 0, 7, 3, 9, 2, 3, 1, 4, 3, 4, 4, 8, 6, 5]
[5, 8, 3, 1, 7, 6, 5, 8, 0, 5, 8, 0, 2]
[3, 6, 7, 6, 6, 3, 9, 10, 2, 1, 7, 0, 9, 0, 2, 5, 4, 6, 7]
[4, 0, 10, 6, 3, 4, 3, 8, 9, 6, 1, 8, 6, 7, 0, 4, 2]
[6, 6, 8, 3, 3, 3, 0, 1, 9, 2]
[0, 8, 0, 8, 10, 6, 7, 1, 6, 7, 3, 4, 5, 8, 8]
[2, 7, 3, 1, 8, 7, 5, 8, 3, 0, 4, 8]
[5, 6, 8, 0, 8, 9, 3, 1, 5, 2, 6, 10, 3]
[6, 4, 9, 8, 7, 6, 4, 6, 1, 1, 10, 9, 0]
[9, 4, 3, 10, 10, 2, 1, 5, 6, 1, 7, 3, 9, 5, 9]
[10, 6, 3, 2, 0, 7, 7, 10, 4, 2, 8, 4, 4]
[1, 6, 0, 1, 1, 7, 8, 4, 5, 9, 2, 2, 7]
[9, 8, 0, 3, 2, 10, 6, 7, 7, 4, 8, 5, 8, 7, 7, 1, 5]
[5, 2, 6, 6, 5, 9, 7, 8, 7, 7, 8, 3, 5, 2, 0, 6, 3]
[5, 8, 7, 4, 5, 1, 7, 7, 5, 4, 8, 5, 7, 1, 4, 0, 5]
[2, 8, 6, 6, 9, 6, 2, 3, 2, 1, 2, 6, 2]
[9, 0, 8, 7, 3, 9, 5, 3, 7, 7, 3, 2, 8, 10, 1, 6, 6, 0]
[3, 4, 3, 3, 2, 6, 9, 7, 5, 4, 3, 4, 1, 7, 3, 7]
[6, 7, 6, 9, 0, 9, 5, 1, 9, 3, 7, 3, 10, 9, 10, 7, 2, 0, 2]
[9, 9, 0, 1, 1, 3, 1, 3, 10, 4, 2, 0, 3, 2, 9, 3, 10, 4, 4]
[3, 8, 2, 4, 4, 4, 9, 5, 0, 6, 6, 6, 2, 8, 4, 8, 1, 5]
[3, 5, 5, 6, 8, 1, 9, 2, 1, 9]
[9, 1, 5, 7, 3, 1, 1, 1, 5, 4, 7]
[5, 7, 2, 1, 7, 8, 8, 4, 6, 0, 4, 6, 2, 1]
[4, 8, 5, 7, 1, 5, 1, 7, 3, 1, 7]
[1, 2, 9, 8, 9, 3, 0, 3, 1, 4, 3, 7]
[5, 10, 0, 3, 6, 2, 5, 6, 5, 6, 7]
[10, 2, 6, 0, 9, 8, 10, 1, 3, 5, 9, 1, 5, 7, 1, 6, 6, 2, 8, 5]
[1, 5, 1, 7, 2, 9, 5, 3, 7, 5, 8, 3, 10, 0, 2, 6, 1]
[1, 8, 7, 4, 10, 8, 1, 1, 8, 4, 3]
[7, 2, 1, 8, 9, 6, 9, 0, 7, 5, 7, 7, 7, 4]
[4, 1, 5, 2, 1, 1, 8, 10, 5, 5]
[10, 4, 9, 10, 6, 8, 3, 6, 4, 5, 6]
[7, 10, 3, 7, 7, 9, 5, 2, 7, 9, 7, 5, 8, 1, 1, 7, 2, 3, 3]
[5, 1, 7, 0, 9, 7, 9, 3, 3, 9, 7, 2, 2, 8, 10, 1, 9]
[1, 6, 0, 9, 4, 6, 7, 0, 10, 4, 7, 9, 5, 8, 2, 3, 4, 8, 7, 3]
[5, 10, 1, 5, 2, 6, 2, 2, 1, 2, 0, 5]
[7, 4, 2, 4, 7, 4, 1, 6, 3, 2, 6, 3, 6, 10]
[9, 4, 4, 5, 4, 0, 4, 6, 2, 3]
[4, 6, 6, 8, 2, 1, 3, 6, 8, 2, 1, 4, 8, 10, 4, 3]
[9, 10, 8, 4, 8, 1, 9, 3, 1, 3, 1, 6, 7, 2, 10, 10, 8]
[7, 3, 4, 6, 4, 5, 3, 6, 8, 10, 1, 6, 8, 8, 1, 0, 2, 2, 5]
[5, 9, 7, 7, 2, 3, 3, 3, 10, 2, 8]
[5, 1, 8, 4, 1, 1, 7, 4, 1, 9, 7, 6, 5]
[3, 1, 8, 0, 5, 1, 9, 7, 6, 1]
[5, 8, 6, 1, 0, 7, 7, 3, 5, 4, 1, 3, 6, 5]
[3, 1, 2, 3, 5, 9, 5, 1, 2, 8, 7, 8, 7, 6]
[9, 6, 4, 3, 6, 2, 6, 2, 3, 6, 1, 7, 5, 2, 2, 2, 8, 7]
[6, 7, 7, 3, 0, 10, 7, 0, 10, 7, 1, 5, 5]
[9, 4, 8, 2, 7, 1, 1, 6, 2, 10, 10, 3, 2, 9, 4, 3, 0, 9]
[10, 1, 8, 1, 7, 0, 8, 3, 3, 1, 6, 7, 9, 4, 5]
[3, 3, 8, 7, 10, 8, 4, 10, 5, 8, 1, 1, 3, 6, 2]
[5, 6, 4, 2, 3, 7, 5, 6, 9, 3, 5, 4, 9, 5, 0, 8, 4]
[2, 1, 7, 6, 2, 6, 0, 6, 9, 5, 7, 10, 4, 6, 2, 4, 1, 2]
[4, 5, 6, 4, 9, 2, 4, 6, 10, 9, 9, 8]
[5, 9, 4, 4, 5, 8, 6, 2, 0, 10, 5, 9, 5, 4, 9, 3]
[9, 8, 3, 5, 10, 3, 8, 2, 9, 6, 3]
[5, 8, 2, 10, 3, 4, 5, 9, 7, 9, 9, 2, 7, 8, 5]
[1, 2, 2, 7, 10, 5, 6, 1, 5, 3]
[2, 4, 4, 4, 5, 6, 8, 4, 1, 2, 7, 9, 9, 6]
[0, 9, 6, 10, 8, 9, 5, 1, 3, 7, 4, 7]
[10, 10, 4, 1, 9, 8, 1, 8, 7, 9, 3, 8, 1, 2, 3, 3, 8, 6]
[6, 1, 0, 5, 6, 3, 4, 8, 10, 7, 1]
[4, 7, 7, 1, 2, 8, 10, 2, 5, 5, 9, 5]
[3, 3, 4, 0, 1, 9, 6, 2, 1, 7, 9, 0, 9, 9, 10, 9, 9, 10, 4]
[4, 1, 7, 5, 2, 8, 6, 3, 2, 3, 3, 7, 7, 2, 3, 8]
[9, 9, 6, 9, 9, 3, 7, 2, 7, 6, 8, 6, 1, 7, 5, 8]
[5, 5, 9, 8, 10, 4, 1, 8, 5, 6, 3, 7, 8, 5, 2]
[5, 6, 1, 9, 4, 10, 3, 9, 2, 6, 2, 4, 9, 5, 0, 9]
[9, 1, 4, 5, 7, 5, 5, 5, 0, 3, 2, 2, 7, 3, 9, 1, 2, 4, 5]
[7, 8, 8, 9, 5, 5, 5, 1, 7, 9, 4, 7, 2, 10]
[5, 8, 5, 2, 7, 4, 8, 2, 10, 6, 1, 6]
[5, 7, 3, 10, 6, 2, 1, 9, 4, 2, 7, 3, 4, 8, 5]
[2, 3, 1, 10, 3, 3, 7, 1, 5, 8, 4, 0, 10, 0, 1, 7, 7, 5, 6]
[9, 9, 8, 4, 9, 4, 9, 4, 6, 6]
[6, 3, 5, 9, 10, 5, 5, 6, 4, 9, 2, 10, 3, 10, 9, 4, 8, 1, 4]
[9, 8, 3, 3, 3, 4, 2, 10, 8, 7, 10, 8, 4, 5, 4, 6, 10, 1, 9]
[2, 9, 3, 7, 7, 5, 1, 8, 6, 6, 4, 0, 4, 10, 9, 2, 7]
[9, 0, 3, 2, 1, 6, 3, 2, 9, 10, 3]
[9, 10, 1, 2, 5, 7, 1, 4, 2, 5, 1]
[5, 6, 7, 7, 5, 6, 5, 1, 9, 1, 3]
[9, 1, 8, 1, 1, 3, 5, 1, 3, 2, 1, 4, 4, 8]
[1, 0, 2, 5, 9, 3, 1, 1, 1, 8, 9, 6, 8, 6, 5, 2, 10, 10]
[5, 5, 5, 3, 5, 6, 7, 7, 4, 1, 4, 5, 1, 9, 5, 7, 5]
[2, 5, 3, 6, 5, 4, 6, 10, 1, 4, 2, 6, 1]
[8, 0, 6, 4, 8, 2, 3, 4, 5, 2, 3, 2, 5, 3, 0]
[9, 5, 6, 3, 1, 3, 7, 2, 4, 10, 1, 4, 2, 1, 6]
[1, 0, 7, 3, 0, 6, 3, 6, 6, 4, 3, 6]
[9, 7, 2, 4, 4, 8, 8, 2, 8, 4, 7, 9, 4, 0, 5, 5]
[4, 2, 9, 2, 4, 10, 2, 2, 9, 9, 4, 7, 6, 1, 1, 3, 4]
[4, 1, 9, 9, 4, 2, 5, 7, 2, 6, 3, 8, 3, 7, 1, 3]
[10, 3, 10, 8, 10, 5, 5, 9, 1, 10, 9, 7, 3, 2, 8]
[0, 9, 3, 4, 9, 9, 7, 8, 9, 2, 9, 3, 1, 7, 2, 4, 6]
[5, 4, 6, 3, 5, 1, 7, 2, 1, 8, 5, 0, 0, 6]
[10, 4, 6, 3, 7, 10, 10, 6, 7, 4, 9, 3]
[8, 3, 3, 0, 3, 1, 9, 8, 8, 3, 1]
[5, 2, 7, 3, 7, 9, 6, 3, 9, 6, 4, 2, 3]
[5, 6, 2, 4, 0, 7, 7, 3, 3, 6, 9, 8, 8, 3, 8, 6, 9]
[5, 10, 4, 7, 10, 7, 4, 5, 2, 7, 1, 1, 1, 8, 2, 4]
[4, 4, 2, 2, 8, 2, 9, 1, 1, 5, 7, 2, 2, 2]
[8, 6, 4, 3, 4, 10, 0, 7, 10, 4, 7, 0, 8, 5, 5, 1, 5, 8, 5]
[3, 5, 5, 3, 6, 3, 7, 1, 1, 7, 6, 8]
[2, 3, 6, 7, 8, 8, 9, 2, 7, 10, 4, 4, 1]
[6, 3, 1, 1, 6, 2, 1, 3, 6, 1, 8, 7, 6, 6]
[9, 4, 6, 5, 5, 6, 6, 5, 4, 10, 6, 5, 1, 4]
[9, 6, 4, 3, 9, 9, 7, 10, 8, 0, 4, 4, 3, 10, 9, 9, 8, 8, 4, 5]
[5, 4, 0, 5, 3, 3, 1, 8, 5, 1, 8, 1]
[10, 10, 1, 3, 1, 3, 8, 3, 7, 7, 7, 1, 2]
[3, 4, 2, 0, 3, 2, 8, 3, 9, 1, 10]
[1, 10, 4, 0, 7, 3, 3, 1, 3, 3, 5, 9, 8, 4, 8, 9, 7, 10]
[4, 0, 8, 2, 8, 1, 4, 7, 6, 9, 10, 6, 3, 1, 4, 8]
[6, 4, 3, 3, 6, 6, 5, 6, 2, 3, 3, 10, 4, 0, 5]
[0, 6, 5, 6, 9, 7, 8, 4, 5, 2, 9, 4, 8, 3, 7, 3, 5, 2, 3, 9]
[3, 4, 8, 10, 10, 2, 0, 9, 6, 6, 3, 3, 2, 3, 3, 3, 10, 5]
[7, 6, 1, 6, 2, 3, 1, 5, 0, 5, 8, 8, 4]
[4, 3, 6, 8, 4, 6, 6, 9, 9, 7, 4, 8, 2]
[6, 7, 10, 4, 10, 8, 9, 4, 2, 8, 5, 4, 7, 4, 2, 8, 6, 10, 5, 9]
[2, 4, 10, 1, 9, 8, 2, 9, 4, 1, 3]
[9, 0, 8, 2, 9, 2, 8, 2, 6, 6, 5, 3, 2, 9, 4]
[2, 8, 3, 4, 0, 4, 1, 9, 5, 9, 1]
[9, 0, 7, 0, 5, 6, 2, 6, 6, 3, 2, 8, 5, 1, 1, 2, 9, 1, 3]
[5, 4, 7, 3, 4, 7, 2, 9, 4, 7, 1, 2, 6, 9]
[10, 4, 5, 5, 4, 2, 1, 0, 3, 7, 3, 9]
[6, 7, 1, 1, 3, 2, 4, 7, 3, 5, 3, 1, 4, 0, 5, 1, 2, 4, 9]
[6, 6, 1, 3, 1, 0, 10, 6, 9, 0, 7, 7, 3, 6, 4, 5]
[6, 4, 8, 3, 4, 6, 5, 1, 5, 5, 9]
[8, 0, 7, 6, 3, 0, 3, 5, 7, 1, 10, 1, 1, 10, 0, 8, 4]
[8, 8, 10, 7, 7, 3, 5, 1, 10, 3, 2]
[1, 6, 6, 4, 0, 0, 8, 3, 4, 5, 7, 3, 6, 8, 8, 4, 5, 7, 7]
[9, 6, 9, 2, 6, 7, 6, 9, 9, 0, 9, 10]
[9, 1, 1, 9, 9, 5, 8, 6, 10, 0, 1, 4, 5]
[2, 1, 2, 7, 8, 2, 8, 6, 1, 6, 8, 8]
[5, 1, 4, 4, 0, 3, 10, 8, 3, 9, 8]
[10, 8, 6, 2, 3, 2, 3, 5, 9, 9, 8, 1]
[3, 0, 3, 5, 6, 9, 1, 5, 3, 9, 1, 3, 8, 6]
[9, 5, 2, 5, 7, 1, 9, 9, 6, 4, 6, 6, 1, 3, 0, 7, 5, 6, 3]
[3, 5, 10, 6, 0, 9, 0, 3, 5, 10, 9, 7, 2]
[1, 1, 3, 7, 5, 4, 5, 5, 9, 1]
[6, 9, 5, 8, 2, 1, 7, 5, 5, 6, 10, 7, 8, 8, 9, 1, 7, 6, 5]
[4, 5, 5, 1, 5, 3, 5, 6, 4, 1, 3, 10, 3, 7, 6, 3, 9, 2]
[4, 0, 2, 1, 3, 2, 1, 2, 5, 3, 4, 1, 8, 4, 5, 10, 6]
[5, 7, 3, 7, 6, 1, 3, 5, 8, 10, 8]
[0, 1, 5, 1, 5, 8, 7, 5, 0, 8, 7, 8, 7]
[3, 2, 3, 5, 2, 3, 6, 5, 0, 10, 9, 1, 9, 4]
[10, 7, 7, 1, 1, 9, 2, 3, 1, 6, 4, 5, 1, 5, 9, 2, 3, 10, 5, 7]
[8, 9, 6, 7, 6, 2, 0, 6, 9, 4, 1, 8, 8, 7, 6]
[1, 5, 1, 0, 4, 9, 7, 3, 10, 7, 9]
[4, 8, 8, 9, 8, 2, 4, 8, 0, 9, 9, 9, 7, 2, 2, 3, 0, 1, 8]
[7, 1, 9, 7, 2, 1, 2, 9, 8, 1, 4]
[10, 10, 5, 3, 9, 9, 7, 8, 0, 3, 9, 1, 5, 1, 0, 9, 5, 7, 4]
[9, 8, 4, 5, 8, 5, 3, 10, 1, 7, 7, 8, 4, 3, 9]
[8, 0, 4, 4, 9, 6, 4, 0, 9, 4, 5, 9, 7, 5, 4, 5, 10, 3]
[5, 3, 7, 1, 4, 9, 4, 6, 3, 5, 4, 4]
[6, 8, 0, 8, 2, 1, 8, 4, 9, 4, 2, 7, 3]
[6, 9, 2, 5, 2, 0, 1, 3, 4, 4, 7, 1, 2, 6, 2, 8, 2, 6, 5]
[6, 3, 9, 4, 3, 1, 10, 8, 2, 9, 4, 0, 10, 2, 7, 3, 4, 0, 4]
[0, 2, 6, 5, 4, 4, 3, 6, 0, 5, 8]
[10, 5, 8, 2, 10, 3, 5, 2, 2, 9, 8, 2, 10, 4]
[3, 6, 0, 7, 4, 4, 5, 5, 0, 9, 8, 3, 2, 8, 5, 7, 1, 2, 9]
[8, 6, 2, 5, 8, 1, 5, 9, 3, 1, 6, 7, 2, 3, 3, 2, 3]
[2, 7, 3, 2, 8, 4, 2, 9, 7, 1, 1, 2, 8, 3]
[9, 6, 6, 9, 4, 2, 3, 1, 2, 2, 8, 9, 9]
[9, 2, 3, 8, 5, 4, 8, 3, 5, 6, 4, 5]
[0, 4, 5, 3, 1, 9, 0, 2, 6, 10, 3, 5, 7, 1, 1, 5, 7, 4]
[4, 6, 3, 4, 5, 4, 6, 9, 2, 8, 9, 9, 9, 1, 0]
[5, 9, 2, 7, 1, 1, 6, 7, 7, 7, 2, 2, 9, 5, 1, 10, 6, 5, 5]
[3, 7, 5, 5, 8, 5, 0, 8, 9, 5, 0]
[5, 3, 8, 8, 6, 1, 5, 5, 0, 2, 4, 5, 8, 4, 3, 1, 1, 5, 4]
[10, 0, 9, 8, 3, 10, 4, 0, 8, 4]
[2, 3, 8, 10, 8, 4, 0, 8, 4, 5, 6, 8, 8, 2, 3, 7]
[9, 6, 10, 7, 4, 9, 3, 7, 2, 8, 3, 6, 3, 5, 1]
[3, 6, 3, 2, 8, 5, 5, 8, 9, 5, 9, 8]
[2, 3, 4, 3, 3, 4, 6, 3, 0, 8, 0, 0, 2, 1, 2]
[1, 2, 3, 10, 7, 4, 3, 8, 6, 4, 3]
[10, 1, 1, 4, 0, 8, 6, 4, 8, 2, 1]
[4, 7, 8, 4, 10, 6, 0, 2, 1, 9, 7, 7, 7, 4, 7, 3]
[2, 1, 10, 2, 8, 8, 10, 10, 8, 9, 2, 4, 2, 9, 3, 8, 0, 4, 2]
[3, 6, 3, 6, 7, 10, 1, 4, 9, 6, 5, 9]
[5, 7, 1, 4, 1, 7, 8, 7, 6, 0, 3, 5, 7, 9, 0, 4, 2, 5, 7]
[2, 4, 9, 8, 4, 3, 4, 9, 3, 4, 8, 2, 8, 3, 2]
[5, 1, 8, 8, 1, 5, 8, 9, 7, 7, 4, 4, 7, 8, 7, 6, 8, 2]
[1, 5, 6, 10, 4, 7, 5, 9, 9, 9, 9, 0, 3, 8]
[9, 6, 8, 3, 7, 0, 4, 8, 3, 2, 0, 6, 2, 4, 7, 8, 7, 0, 8, 3]
[9, 6, 4, 7, 2, 5, 9, 10, 7, 10, 3]
[8, 9, 9, 2, 2, 9, 4, 7, 5, 9, 9, 3, 4]
[3, 7, 9, 4, 10, 2, 2, 2, 1, 0, 7, 9, 1, 4, 1, 2]
[2, 3, 6, 10, 0, 9, 0, 3, 3, 5, 4, 5, 7]
[7, 5, 9, 2, 9, 3, 7, 8, 3, 6, 4, 5]
[1, 7, 5, 7, 2, 4, 7, 4, 9, 4, 1, 4, 10, 7, 7]
[4, 1, 9, 7, 8, 7, 7, 4, 1, 5, 8, 5, 7, 5, 0, 6, 7, 1]
[6, 5, 1, 1, 8, 3, 3, 1, 6, 7]
[1, 8, 0, 4, 2, 0, 2, 3, 4, 6, 6, 4, 0]
[10, 1, 7, 0, 8, 2, 3, 4, 1, 1, 10, 4, 4, 9, 10, 5, 9]
[5, 7, 6, 6, 7, 0, 3, 1, 0, 8, 0, 6, 5, 5]
[7, 8, 6, 7, 6, 8, 5, 1, 2, 2, 10, 3, 7]
[9, 7, 9, 8, 5, 2, 10, 0, 7, 10, 1, 5, 7, 9, 7, 9, 5, 0]
[1, 4, 8, 9, 7, 1, 6, 4, 4, 7, 6, 9]
[2, 9, 10, 10, 10, 0, 2, 2, 3, 3, 6]
[10, 4, 3, 3, 8, 9, 8, 3, 3, 10, 2, 9, 1, 0, 3, 8, 6, 3, 7]
[6, 2, 1, 3, 1, 3, 5, 9, 1, 2, 9, 8, 6, 9, 1]
[2, 4, 10, 7, 1, 2, 7, 3, 2, 0, 0, 3, 7, 9, 7]
[2, 9, 4, 2, 4, 10, 6, 7, 4, 7, 9, 0, 3, 10]
[9, 2, 1, 8, 3, 6, 8, 3, 2, 5]
[9, 8, 7, 7, 7, 4, 6, 9, 9, 4, 1, 8, 3, 8, 5]
[8, 2, 7, 1, 9, 1, 8, 8, 4, 10, 2, 9, 4, 7, 2]
[2, 3, 4, 3, 8, 4, 0, 1, 3, 5, 5, 2, 9, 7, 8, 4]
[0, 3, 9, 4, 10, 3, 7, 4, 0, 3, 7, 2, 6, 1, 8]
[1, 7, 5, 9, 6, 4, 6, 7, 7, 0, 2, 2]
[1, 4, 3, 6, 10, 3, 5, 4, 4, 2, 6]
[2, 5, 5, 8, 7, 4, 0, 6, 6, 3, 1, 5, 1, 3, 4, 6]
[7, 6, 4, 7, 6, 8, 8, 6, 7, 9]
[2, 4, 3, 2, 2, 3, 3, 5, 4, 5, 6, 3, 2, 5, 1, 2, 6, 10]
[6, 0, 7, 7, 4, 3, 6, 1, 2, 6, 8, 5, 6, 8, 2, 2, 7]
[9, 7, 6, 2, 3, 7, 0, 5, 8, 10, 3, 3, 10, 4, 8, 6, 1, 7]
[5, 6, 10, 0, 2, 7, 2, 2, 3, 3, 0, 5, 3]
[8, 4, 0, 8, 8, 4, 7, 5, 2, 8, 5, 1, 7, 6, 8, 9, 6, 4, 10]
[8, 4, 7, 6, 6, 2, 1, 5, 5, 1, 7, 10, 4]
[9, 4, 1, 1, 9, 9, 1, 2, 5, 4, 3, 2, 2, 0, 9, 1, 8, 3]
[6, 10, 3, 7, 9, 0, 7, 1, 6, 2, 2, 8, 1, 10, 9]
[7, 10, 0, 9, 2, 1, 3, 3, 8, 1, 2, 7, 5, 10, 1, 3, 3]
[8, 6, 3, 5, 6, 7, 4, 3, 7, 5, 4, 5, 5, 6, 10, 8, 4, 8, 4]
[7, 0, 3, 6, 5, 9, 2, 5, 7, 7, 1, 8, 4, 5, 6, 5, 1, 1, 5, 0]
[3, 7, 4, 7, 7, 9, 6, 6, 1, 2, 8, 2, 7, 4, 7, 4]
[9, 6, 1, 4, 6, 3, 3, 2, 7, 7, 1, 3, 5, 10, 3, 5, 0, 7]
[6, 3, 2, 8, 5, 9, 7, 2, 1, 7, 7, 4, 5, 5, 0]
[7, 1, 6, 0, 5, 6, 0, 1, 7, 8, 6, 1, 9, 5, 7, 9, 9, 7]
[1, 9, 5, 4, 8, 7, 8, 9, 1, 6, 5, 9]
[2, 5, 2, 2, 4, 2, 6, 8, 1, 9]
[10, 10, 2, 6, 7, 1, 8, 3, 3, 9, 1, 5, 3, 1]
[3, 0, 8, 7, 1, 9, 9, 8, 5, 9, 7, 0, 4, 0, 7, 5, 1]
[8, 3, 7, 5, 5, 3, 1, 10, 6, 10, 1]
[8, 4, 9, 1, 0, 2, 3, 10, 2, 1, 8, 8, 0, 1]
[8, 6, 2, 9, 6, 8, 2, 3, 5, 5, 1, 1, 7, 2, 6, 4]
[5, 6, 3, 5, 5, 8, 4, 6, 7, 0, 8, 1]
[8, 8, 5, 7, 4, 5, 9, 3, 0, 3, 7, 8, 4, 7, 10, 6]
[10, 2, 5, 10, 1, 7, 4, 9, 8, 3, 6]
[1, 1, 4, 9, 8, 7, 5, 7, 9, 2, 3, 1, 4, 9]
[9, 6, 6, 7, 2, 1, 4, 6, 6, 4, 6, 5, 7]
[6, 7, 3, 5, 8, 4, 9, 6, 9, 9]
[3, 9, 9, 5, 2, 4, 1, 6, 8, 2, 5, 3, 9, 2, 4]
[2, 5, 9, 8, 9, 9, 4, 4, 5, 5, 7, 9, 10, 1, 7, 9, 6, 7, 7]
[0, 8, 1, 9, 10, 1, 2, 2, 3, 9, 3, 9, 8, 3, 4, 10]
[9, 10, 2, 1, 7, 10, 9, 5, 6, 3, 8, 6]
[3, 7, 9, 6, 1, 2, 8, 3, 0, 7, 7]
[9, 8, 8, 1, 1, 2, 4, 3, 1, 4, 9]
[9, 8, 6, 5, 0, 6, 5, 2, 4, 4, 2, 0, 3, 6, 8, 2, 5]
[7, 9, 9, 9, 8, 5, 10, 3, 4, 7, 5, 4, 3, 8, 0, 9]
[3, 7, 3, 8, 9, 8, 6, 3, 7, 9, 2, 4, 4, 3, 2, 7, 7, 1, 2]
[0, 9, 8, 10, 6, 2, 0, 3, 9, 6, 8, 0, 7, 4, 8, 6, 6, 2, 8, 6]
[4, 7, 0, 3, 0, 9, 6, 5, 9, 1, 3, 7, 3]
[8, 7, 4, 7, 6, 4, 7, 1, 1, 1, 8, 3, 7, 2, 4]
[1, 0, 9, 5, 8, 10, 7, 3, 6, 1, 9, 4, 0, 0, 8, 1, 3, 0, 8]
[5, 4, 3, 9, 8, 8, 10, 7, 3, 4, 6]
[7, 6, 0, 5, 0, 4, 3, 6, 7, 9, 5, 1, 2, 3, 4]
[4, 4, 8, 3, 1, 4, 3, 4, 6, 9, 8, 3, 8, 1, 6]
[3, 2, 8, 6, 5, 4, 6, 7, 7, 6, 1]
[1, 5, 7, 0, 3, 4, 6, 2, 9, 8, 6, 6]
[4, 1, 0, 0, 8, 9, 0, 3, 9, 10, 8, 3, 9]
[5, 8, 4, 0, 5, 9, 10, 5, 10, 8, 6, 7]
[7, 9, 10, 3, 2, 0, 9, 4, 8, 2, 6, 4, 6]
[7, 2, 3, 7, 8, 1, 8, 6, 1, 4, 9, 8, 7]
[4, 1, 9, 2, 9, 4, 8, 5, 10, 4, 4, 3, 3, 2]
[10, 3, 7, 1, 10, 8, 6, 8, 6, 8, 2, 6, 4, 8, 5]
[0, 0, 10, 3, 0, 8, 2, 2, 5, 8, 5, 10, 3, 3, 7, 9]
[1, 7, 8, 3, 3, 3, 0, 6, 10, 7, 7]
[9, 6, 2, 9, 4, 1, 2, 7, 2, 8, 2, 1, 8, 5]
[7, 9, 5, 1, 9, 2, 2, 1, 5, 1, 7, 4]
[9, 10, 1, 7, 8, 7, 7, 0, 6, 5, 0, 4, 3, 6, 3, 1, 10, 8]
[9, 7, 3, 2, 4, 6, 1, 7, 1, 8, 3]
[6, 3, 5, 4, 6, 8, 8, 8, 5, 8, 0, 4, 5]
[2, 0, 0, 7, 1, 8, 4, 1, 1, 3, 4, 6, 1, 9, 9, 7, 1]
[3, 3, 6, 2, 8, 4, 9, 9, 2, 1, 8, 1]
[5, 6, 7, 4, 7, 3, 2, 7, 9, 1, 6, 8, 9, 1, 6]
[6, 2, 1, 1, 2, 6, 5, 4, 7, 9, 2, 2, 7]
[8, 5, 8, 0, 4, 3, 1, 5, 8, 0, 5]
[0, 5, 0, 8, 4, 9, 5, 1, 8, 5]
[0, 9, 5, 9, 1, 4, 1, 1, 2, 6, 1, 5, 3, 4, 4, 7, 8, 0]
[3, 8, 4, 2, 1, 8, 9, 5, 1, 1, 2, 1, 7, 9, 8, 3]
[5, 4, 7, 5, 1, 0, 6, 0, 0, 7, 2, 9, 3, 8, 1]
[6, 5, 7, 2, 9, 8, 3, 4, 6, 9, 6, 7, 5, 7, 1, 5, 2, 4]
[9, 5, 9, 6, 8, 0, 5, 4, 10, 8, 5, 8, 3]
[2, 1, 9, 9, 7, 6, 1, 5, 9, 8, 3, 3, 5, 8, 8, 5, 5]
[9, 1, 6, 8, 8, 4, 5, 4, 10, 5]
[4, 7, 2, 8, 9, 6, 9, 8, 6, 7, 2, 4, 7, 0, 3]
[5, 2, 6, 4, 4, 7, 8, 3, 4, 1, 10, 7, 5, 8, 2]
[4, 4, 2, 1, 8, 4, 8, 4, 4, 1, 5, 1, 5, 10, 6, 7, 9, 4]
[2, 1, 3, 4, 5, 7, 4, 9, 3, 2, 2, 7, 10, 4]
[8, 7, 9, 7, 2, 5, 1, 10, 7, 8, 3, 4, 4, 5, 3, 1, 9]
[6, 8, 7, 9, 9, 8, 1, 2, 7, 4, 8, 6, 4, 1, 6, 6]
[6, 3, 4, 4, 5, 3, 6, 9, 2, 4, 3, 10, 1, 9, 9, 5, 2]
[0, 8, 7, 7, 4, 1, 8, 9, 6, 0, 7, 6, 4, 8, 5, 6, 8, 9, 9, 4]
[5, 1, 9, 6, 0, 6, 3, 7, 4, 4, 2]
[4, 4, 8, 2, 1, 3, 9, 0, 6, 9, 7, 3, 3]
[8, 3, 1, 6, 7, 9, 7, 9, 8, 1, 2, 2, 0, 3, 5, 8]
[0, 2, 4, 7, 1, 2, 3, 8, 6, 6, 7, 5, 9, 4]
[1, 3, 2, 3, 9, 1, 6, 2, 8, 5, 9, 6, 5, 0, 8, 6, 4, 7, 7]
[6, 1, 1, 1, 9, 1, 2, 0, 1, 10, 5]
[1, 7, 6, 4, 5, 4, 10, 9, 5, 5, 1, 0, 6, 1, 7, 4, 5, 0, 7, 8]
[1, 9, 10, 6, 9, 4, 10, 2, 6, 9]
[0, 1, 10, 2, 6, 2, 3, 1, 1, 3, 0, 0, 10, 7, 8, 5, 2]
[1, 1, 7, 0, 6, 7, 8, 5, 9, 1, 1, 10, 2, 3]
[6, 7, 2, 7, 3, 10, 10, 6, 5, 6, 7]
[4, 10, 4, 9, 4, 7, 0, 3, 4, 4, 2]
[4, 3, 4, 7, 6, 7, 1, 3, 4, 8, 4, 8, 5, 2, 5, 4, 5, 0]
[3, 2, 4, 2, 9, 9, 1, 5, 3, 2, 9, 0, 9, 6, 7]
[8, 2, 8, 7, 3, 7, 9, 8, 6, 6]
[6, 8, 4, 1, 6, 1, 2, 1, 9, 2, 10, 1, 2, 1, 2, 0]
[5, 5, 8, 10, 2, 10, 2, 2, 9, 5, 7, 6, 1, 2, 8]
[10, 5, 0, 9, 6, 8, 10, 7, 8, 6, 9, 3, 8, 2, 10, 5, 8, 2, 6]
[2, 9, 7, 1, 4, 3, 6, 8, 5, 0, 2, 6]
[7, 1, 10, 10, 0, 2, 0, 2, 5, 10, 5, 9, 9, 3, 5, 2, 4, 6, 6]
[2, 8, 6, 1, 6, 5, 7, 9, 1, 4, 1, 4, 9, 8, 1, 0, 2]
[1, 5, 8, 3, 5, 6, 8, 5, 0, 6, 5, 8, 6, 1, 7, 1, 4, 5, 3]
[10, 3, 2, 7, 2, 9, 2, 1, 6, 0]
[1, 10, 2, 8, 1, 6, 2, 9, 6, 0, 2, 8, 3, 8]
[2, 6, 9, 4, 3, 1, 5, 0, 6, 1, 1, 6, 10, 5]
[1, 0, 6, 5, 3, 6, 5, 7, 8, 6, 9, 6, 7, 6, 1, 7]
[10, 4, 2, 8, 3, 4, 3, 9, 7, 8, 3, 1, 2, 7, 8, 1, 4, 5, 6]
[8, 8, 10, 0, 4, 8, 5, 2, 7, 10, 2, 3, 2, 7, 3]
[1, 10, 8, 9, 3, 7, 1, 2, 8, 0, 8]
[1, 10, 1, 3, 8, 4, 4, 10, 5, 5, 1, 1, 9, 2, 2]
[9, 5, 9, 6, 7, 6, 9, 4, 6, 2, 5]
[9, 7, 9, 1, 8, 4, 6, 10, 9, 4, 9, 4]
[6, 1, 0, 0, 2, 7, 5, 5, 2, 8, 6, 4, 0]
[7, 3, 9, 5, 5, 10, 6, 3, 5, 4, 5, 1, 8, 6, 1, 8, 10, 2]
[6, 1, 2, 6, 3, 7, 10, 2, 3, 5, 2, 1, 7, 7, 10]
[1, 3, 8, 8, 5, 3, 1, 4, 1, 5, 8, 0, 8, 6, 5, 7, 9, 10]
[2, 7, 7, 5, 8, 8, 8, 2, 9, 4, 4]
[9, 2, 1, 9, 5, 7, 10, 5, 9, 4, 7]
[4, 5, 9, 4, 1, 9, 10, 7, 8, 7, 3, 9, 6, 4, 7, 7, 8]
[9, 9, 4, 3, 5, 10, 0, 7, 10, 0, 2, 7, 6]
[1, 7, 1, 10, 8, 4, 8, 9, 3, 0, 3, 3, 5, 4, 3]
[2, 10, 9, 8, 7, 8, 9, 4, 6, 1, 9, 2, 8, 4]
[2, 8, 9, 2, 6, 9, 3, 9, 9, 1, 9, 7]
[0, 6, 2, 3, 6, 2, 4, 7, 5, 8, 7, 0]
[10, 8, 8, 2, 4, 3, 1, 3, 10, 7, 4, 1, 4, 5, 2, 3, 9, 2, 4]
[1, 8, 9, 6, 6, 5, 1, 4, 6, 4, 5, 4, 3, 9, 5, 6]
[0, 1, 6, 2, 2, 6, 7, 7, 6, 5, 5, 2]
[8, 3, 3, 6, 1, 4, 3, 5, 3, 10, 4, 8, 7, 10, 10, 3, 9, 10]
[3, 4, 4, 5, 1, 3, 5, 5, 7, 5, 4, 4]
[8, 5, 10, 0, 3, 9, 7, 7, 6, 3, 4, 6, 1, 5, 10, 8, 6, 4, 10]
[7, 9, 4, 5, 1, 2, 0, 6, 3, 2, 0]
[5, 4, 10, 6, 1, 3, 4, 3, 5, 7, 5]
[3, 3, 4, 2, 3, 8, 3, 0, 8, 1, 4, 6, 1]
[1, 7, 5, 4, 4, 9, 4, 4, 9, 3, 5]
[10, 10, 6, 7, 4, 9, 6, 5, 7, 4, 8, 7, 8, 9]
[4, 7, 2, 1, 1, 1, 8, 9, 1, 1, 2, 6, 2, 8, 7, 2]
[6, 3, 1, 9, 1, 2, 5, 9, 0, 3, 7, 2, 5, 4, 7, 6]
[3, 4, 2, 8, 7, 1, 2, 6, 9, 3, 5, 6, 0, 6, 7, 3, 2, 1, 0, 5]
[1, 2, 5, 6, 6, 7, 10, 8, 5, 2, 1, 4, 0, 5, 7, 1, 8]
[6, 5, 2, 6, 9, 1, 1, 1, 7, 1, 6, 8, 9, 5, 8, 6, 2, 1, 5]
[10, 1, 5, 1, 6, 7, 3, 4, 9, 0, 1, 6, 3, 1, 2, 1, 1, 10]
[8, 7, 5, 5, 1, 5, 5, 5, 6, 5, 10]
[4, 2, 8, 2, 3, 6, 5, 6, 1, 1, 2, 1, 3, 4]
[3, 3, 9, 5, 7, 9, 4, 9, 2, 2, 4]
[0, 3, 8, 4, 8, 2, 6, 7, 1, 4, 6]
[3, 7, 5, 9, 8, 9, 7, 5, 2, 7, 9, 0, 7, 8, 9, 10, 7, 9, 2, 8]
[9, 9, 1, 9, 4, 6, 4, 4, 6, 3, 5, 0, 9]
[5, 0, 6, 1, 5, 6, 5, 8, 9, 0, 0, 2, 1, 8, 6, 5, 10, 4, 8]
[1, 10, 6, 9, 3, 6, 4, 1, 0, 5, 2]
[3, 2, 4, 8, 5, 2, 2, 1, 2, 9]
[1, 1, 8, 6, 1, 3, 9, 2, 7, 6, 0, 7, 2, 0, 9, 5]
[0, 9, 6, 9, 5, 9, 1, 9, 8, 5, 8, 1]
[0, 8, 9, 1, 9, 3, 9, 1, 5, 4, 5, 7, 8, 3]
[3, 6, 0, 8, 3, 3, 4, 4, 2, 4, 4, 8, 5, 1, 9, 1]
[9, 3, 1, 9, 6, 1, 4, 7, 7, 7, 3, 2, 1, 3, 5, 5, 4, 2]
[8, 1, 8, 4, 5, 6, 2, 7, 8, 1, 5, 1, 3, 1, 2, 2, 1, 3]
[9, 8, 1, 8, 4, 3, 2, 3, 9, 6, 6, 5, 5, 8, 2]
[7, 5, 8, 1, 4, 1, 1, 9, 0, 1, 9, 8, 7, 0, 4, 1, 10, 4]
[8, 10, 0, 4, 3, 9, 7, 7, 8, 4, 2, 9, 3, 1, 6, 6]
[4, 10, 8, 5, 0, 0, 9, 8, 5, 3, 8, 9, 4, 4, 9]
[10, 4, 1, 5, 4, 7, 5, 4, 6, 7, 6, 5, 4, 10, 8, 5, 9, 5, 1, 2]
[9, 10, 7, 7, 8, 4, 3, 2, 8, 1, 6, 7, 4]
[5, 10, 8, 2, 2, 0, 10, 4, 1, 9]
[9, 1, 5, 2, 10, 2, 2, 0, 3, 3, 2, 8, 1, 8, 9, 9]
[1, 3, 1, 2, 4, 5, 8, 10, 9, 2, 6, 8, 9, 5, 5]
[5, 5, 9, 10, 3, 1, 0, 1, 10, 9, 8, 3, 5, 2, 6, 9]
[5, 4, 6, 2, 3, 9, 7, 9, 10, 1, 5, 6, 4, 6, 4, 5]
[6, 1, 1, 8, 7, 7, 6, 7, 8, 4, 7, 4, 6, 2, 9, 1, 5, 2, 4, 1]
[8, 4, 8, 0, 7, 8, 3, 5, 2, 6, 9, 5, 2, 1, 10, 7, 6, 5]
[6, 6, 5, 2, 5, 5, 9, 1, 6, 2, 4, 3, 10, 10, 2]
[5, 8, 2, 9, 10, 0, 0, 5, 8, 6, 6, 8, 5, 6, 8, 4, 7, 7, 10, 2]
[6, 6, 4, 7, 3, 10, 1, 8, 7, 7, 3, 6, 6]
[8, 3, 5, 0, 5, 3, 2, 7, 6, 7, 3, 2, 10]
[6, 8, 3, 8, 4, 6, 8, 4, 8, 1, 2]
[6, 8, 6, 7, 1, 9, 9, 7, 9, 5, 7, 7, 4, 8, 5, 4, 9, 2]
[5, 3, 3, 6, 3, 4, 2, 6, 0, 1, 7, 3, 1, 8]
[8, 8, 6, 1, 3, 1, 2, 3, 4, 9, 6, 5, 5, 4]
[2, 1, 8, 6, 7, 9, 8, 9, 1, 2, 2, 7, 1, 6, 5, 3, 5, 5]
[10, 3, 0, 5, 5, 4, 3, 4, 5, 1, 9, 4, 6, 8, 4, 0, 7, 3, 1]
[2, 4, 4, 4, 7, 10, 8, 4, 10, 5, 4, 2, 5, 5, 4, 6]
[9, 7, 6, 2, 1, 0, 6, 9, 4, 6, 5, 2, 8, 9, 3]
[6, 9, 2, 0, 9, 4, 1, 2, 6, 6]
[1, 9, 3, 3, 2, 9, 10, 7, 0, 3, 0]
[5, 3, 8, 5, 5, 8, 0, 2, 4, 6, 6, 8, 5, 1, 2, 1, 4, 10, 9, 7]
[3, 0, 5, 6, 2, 9, 3, 2, 8, 9, 8, 8, 4, 2, 3, 1, 5]
[1, 1, 6, 8, 5, 2, 9, 7, 9, 2, 9]
[1, 6, 4, 2, 10, 5, 8, 1, 7, 1, 4, 5, 6, 9, 5, 6, 1, 9]
[3, 1, 2, 3, 10, 10, 7, 5, 5, 9, 4, 9, 9]
[0, 4, 9, 1, 6, 3, 0, 0, 5, 3, 9]
[5, 7, 0, 2, 2, 7, 9, 5, 8, 2, 0, 1]
[3, 3, 5, 6, 5, 8, 2, 8, 6, 5, 1, 9, 3]
[7, 5, 4, 1, 6, 7, 3, 3, 1, 6, 10, 2, 5, 2, 4, 2, 10, 9, 5]
[6, 1, 8, 5, 0, 3, 7, 1, 4, 5, 9, 3, 2, 5, 7, 10]
[6, 9, 6, 4, 1, 9, 5, 10, 9, 4, 3, 8]
[7, 8, 8, 2, 9, 1, 5, 10, 1, 10, 2, 8]
[1, 5, 3, 9, 7, 9, 8, 3, 3, 0]
[1, 9, 8, 4, 1, 7, 8, 9, 0, 8, 2, 7, 8, 0, 4, 4, 10, 9, 4]
[9, 6, 4, 2, 3, 2, 9, 5, 1, 5, 3, 6, 8, 5, 1, 2, 1, 4]
[1, 6, 10, 5, 3, 8, 4, 5, 1, 8, 5, 2, 2]
[1, 0, 7, 2, 8, 9, 10, 5, 8, 9, 1, 9, 10, 9]
[7, 10, 0, 2, 2, 9, 6, 4, 8, 1, 1, 2, 0]
[10, 1, 2, 6, 2, 8, 2, 9, 2, 6, 7, 4, 6, 8]
[8, 9, 9, 5, 7, 5, 7, 7, 6, 9, 7, 4, 6, 6, 0, 9, 1, 3, 2]
[7, 7, 8, 7, 7, 7, 2, 8, 1, 3, 10, 1, 1, 6]
[8, 9, 2, 1, 3, 3, 7, 8, 6, 4, 8, 1]
[2, 0, 2, 1, 3, 7, 8, 3, 7, 8, 4, 10, 7, 5, 8, 8, 2, 8, 4]
[6, 6, 9, 10, 0, 5, 4, 6, 7, 1, 5, 8, 6, 9, 1, 2, 5, 2, 6, 9]
[6, 2, 3, 9, 1, 3, 1, 1, 2, 2, 6, 7, 10, 6, 6, 8, 6, 9, 8]
[5, 8, 8, 4, 7, 6, 2, 9, 3, 6, 5, 4, 4, 3, 8]
[2, 6, 8, 4, 5, 3, 3, 7, 8, 4, 4, 8, 9, 4, 6, 1]
[1, 4, 8, 1, 9, 3, 2, 1, 1, 2, 9, 3, 7, 3, 9, 3, 7, 4]
[3, 10, 1, 8, 2, 2, 5, 4, 8, 3, 1, 8, 7, 2, 2, 7, 1, 3]
[0, 9, 9, 2, 4, 9, 9, 7, 9, 5, 9, 7, 2, 2, 2, 10, 3]
[1, 7, 9, 1, 9, 6, 4, 5, 3, 2, 4]
[10, 1, 3, 4, 4, 5, 6, 6, 4, 9, 6, 5, 10, 6, 4, 3, 1, 5, 8]
[10, 3, 6, 7, 8, 5, 6, 9, 3, 7, 10, 4, 8, 8, 6, 3, 6]
[4, 4, 5, 8, 7, 5, 7, 5, 9, 3, 5, 6, 3, 1, 4, 7, 2, 6, 4]
[4, 4, 4, 1, 2, 5, 5, 7, 3, 1, 10, 1, 5, 7, 2, 2, 4]
[6, 8, 4, 0, 5, 9, 9, 5, 2, 3, 6, 7, 9, 0, 4, 8, 9]
[8, 6, 3, 2, 8, 6, 0, 10, 9, 7, 6, 1, 0, 7, 8, 0, 1, 1]
[6, 6, 7, 1, 1, 6, 3, 8, 3, 5, 6, 1, 7, 8, 1, 8]
[4, 9, 5, 8, 8, 7, 9, 9, 1, 3, 2, 8, 3, 1]
[1, 1, 3, 9, 9, 4, 6, 6, 8, 6, 2, 2, 5, 5, 1, 6]
[8, 7, 2, 3, 9, 9, 6, 8, 1, 6, 8, 9, 1, 3, 4, 8, 5]
[1, 6, 4, 2, 9, 0, 10, 9, 5, 9, 5, 7]
[7, 3, 1, 4, 9, 2, 9, 9, 6, 9, 4, 8, 2]
[7, 1, 4, 10, 7, 7, 2, 9, 8, 9, 6, 1, 8, 2, 1, 8, 4]
[6, 2, 2, 0, 6, 9, 2, 4, 5, 3, 9]
[4, 7, 1, 1, 2, 1, 7, 7, 3, 1, 1, 5, 9, 7, 4]
[8, 8, 6, 1, 9, 0, 1, 2, 5, 4, 1, 4]
[9, 5, 9, 10, 3, 6, 3, 6, 5, 0, 6, 4, 0, 0, 1, 6]
[1, 1, 8, 7, 5, 5, 6, 8, 3, 1, 8, 7, 6, 3]
[5, 10, 7, 4, 5, 4, 0, 0, 0, 1, 5]
[7, 9, 1, 9, 3, 0, 6, 7, 4, 6, 1, 10, 4, 5, 5, 5, 10, 1, 9]
[4, 5, 3, 2, 5, 7, 1, 5, 7, 0, 10]
[2, 10, 8, 2, 8, 4, 1, 8, 5, 3]
[6, 5, 1, 1, 5, 8, 7, 2, 8, 4, 4, 9, 1, 3, 0, 2, 9, 5]
[3, 6, 9, 7, 1, 9, 4, 8, 8, 5, 7, 8, 0, 4, 1, 10, 0, 4, 10]
[6, 7, 0, 7, 3, 7, 3, 7, 7, 0, 8, 9, 4, 3, 4]
[5, 5, 10, 8, 5, 7, 4, 9, 5, 10, 9, 8, 6, 0, 1, 6, 6, 5]
[6, 4, 5, 8, 8, 1, 9, 9, 1, 1, 4, 7, 6, 8, 10, 8]
[2, 6, 5, 9, 5, 4, 3, 3, 10, 6, 6]
[8, 4, 3, 7, 5, 9, 9, 8, 4, 9, 10]
[5, 9, 7, 2, 6, 8, 4, 3, 0, 3]
[1, 8, 2, 6, 4, 9, 4, 8, 2, 5, 4, 1, 3, 7, 6, 0, 9]
[6, 4, 8, 0, 0, 9, 1, 3, 9, 5]
[9, 0, 8, 9, 1, 4, 1, 2, 3, 2, 8, 3, 2]
[3, 8, 6, 7, 10, 9, 9, 6, 7, 1, 7, 10, 5, 2, 4, 9]
[6, 9, 5, 5, 6, 3, 9, 1, 2, 7, 6, 3, 9]
[3, 4, 6, 6, 7, 9, 8, 3, 9, 4, 8]
[4, 2, 10, 2, 1, 3, 9, 7, 6, 0, 2]
[8, 1, 2, 1, 8, 5, 4, 5, 2, 7, 4, 4, 10, 2]
[2, 6, 2, 7, 0, 10, 7, 5, 3, 7, 8, 1, 9]
[2, 5, 7, 7, 6, 4, 6, 4, 0, 3]
[4, 2, 9, 0, 7, 10, 2, 2, 9, 9, 9, 0, 5, 2, 1, 5, 3, 5]
[8, 9, 6, 1, 6, 4, 2, 1, 9, 9, 3]
[0, 3, 1, 5, 3, 0, 0, 8, 5, 7, 2, 1, 9, 2, 9, 5, 6, 5, 0, 0]
[9, 5, 7, 9, 10, 1, 4, 7, 1, 9, 0, 7, 2]
[9, 9, 5, 1, 1, 8, 2, 7, 2, 6, 3, 9, 9, 2]
[2, 4, 6, 9, 5, 7, 4, 4, 9, 6, 8, 4, 4, 7, 6, 1, 2, 9, 7]
[1, 3, 7, 0, 1, 5, 3, 3, 1, 3, 3, 1, 8, 4, 9, 6, 4]
[6, 2, 3, 0, 2, 9, 3, 9, 1, 6, 0, 7, 6, 3, 8]
[4, 1, 9, 8, 7, 10, 10, 4, 4, 9, 1]
[7, 10, 1, 2, 6, 2, 3, 8, 4, 9, 1, 4]
[7, 7, 1, 1, 3, 0, 0, 1, 2, 6, 7, 8, 7, 2, 7, 8, 10, 2]
[10, 0, 8, 4, 2, 7, 6, 6, 5, 7]
[3, 8, 3, 2, 3, 9, 4, 0, 9, 4, 0, 10, 9, 7, 7, 6, 4, 1, 1, 5]
[4, 4, 5, 8, 6, 7, 5, 3, 9, 1, 4, 6, 7, 8]
[3, 2, 7, 10, 9, 6, 10, 7, 3, 1, 3, 2, 5]
[10, 5, 2, 2, 7, 3, 1, 9, 2, 1, 9, 5, 6, 6]
[10, 10, 2, 3, 6, 2, 6, 4, 6, 3, 4, 8, 2, 6, 9]
[8, 1, 10, 7, 8, 9, 1, 3, 4, 1, 9, 1, 2, 7, 4, 3]
[7, 3, 3, 3, 3, 8, 9, 1, 0, 3, 5, 5, 1, 2, 2, 7, 6, 7]
[6, 0, 2, 3, 0, 1, 3, 2, 1, 7]
[1, 9, 3, 8, 7, 8, 3, 5, 10, 0, 10, 6, 7, 2, 5]
[2, 8, 3, 4, 2, 1, 2, 3, 6, 2, 3, 2, 3, 0, 9, 9]
[0, 2, 1, 7, 5, 9, 10, 7, 2, 5, 4, 2, 2, 4, 7, 5, 6]
[10, 9, 4, 7, 2, 1, 10, 9, 9, 0, 5, 6, 6, 3]
[2, 6, 6, 6, 3, 5, 8, 1, 4, 0, 7, 9, 5, 3]
[8, 0, 2, 10, 2, 6, 3, 9, 9, 2, 6, 5, 6]
[5, 2, 4, 6, 10, 6, 7, 3, 6, 9, 8]
[1, 9, 10, 0, 2, 6, 8, 3, 0, 4]
[6, 2, 8, 10, 3, 7, 3, 4, 5, 2, 3, 7, 6, 3, 6, 3, 2, 2]
[4, 6, 2, 2, 5, 3, 8, 0, 9, 4, 9, 7, 1, 5, 1, 2, 6, 1, 9]
[6, 9, 5, 9, 3, 2, 8, 2, 3, 7]
[2, 9, 8, 3, 4, 5, 1, 5, 8, 1, 10]
[6, 2, 9, 10, 1, 9, 9, 5, 9, 4, 4, 8, 3, 6, 0, 5, 5, 8, 5]
[4, 1, 9, 2, 1, 4, 10, 7, 0, 5, 8]
[7, 4, 1, 3, 0, 10, 9, 9, 7, 4, 9]
[3, 7, 8, 10, 10, 2, 2, 5, 6, 5, 4, 8, 6, 9, 5]
[7, 4, 2, 3, 6, 8, 1, 5, 7, 3, 7, 4, 2, 6, 1, 5]
[3, 8, 4, 9, 5, 10, 1, 0, 4, 1, 0, 7]
[1, 9, 0, 9, 6, 6, 9, 2, 0, 5, 1, 7, 7, 5, 8, 4]
[3, 8, 6, 6, 0, 4, 7, 8, 3, 3, 5, 4, 9, 1, 9]
[0, 4, 1, 7, 9, 7, 1, 3, 4, 9, 6]
[2, 5, 7, 3, 1, 5, 1, 7, 4, 4, 9, 8, 9]
[0, 10, 4, 6, 6, 3, 6, 1, 2, 6, 8, 8, 5, 9]
[10, 8, 6, 2, 2, 3, 2, 4, 3, 2, 2, 1, 10, 1, 2]
[4, 0, 7, 9, 6, 8, 0, 3, 10, 0, 8, 7, 4, 4]
[7, 4, 6, 2, 5, 7, 6, 4, 3, 3, 4, 2, 6, 1, 6, 4, 1, 6, 7]
[7, 9, 6, 0, 7, 6, 8, 3, 4, 3, 6, 7, 2, 6, 8, 5, 8, 7]
[8, 1, 5, 5, 8, 1, 4, 7, 7, 4, 9, 10]
[8, 8, 1, 5, 8, 4, 4, 4, 8, 10, 1, 7, 8, 1, 3, 2, 4]
[7, 5, 4, 6, 0, 10, 4, 10, 9, 8, 7, 9, 2]
[2, 10, 4, 7, 6, 5, 8, 1, 9, 2, 2, 7, 2, 3, 8, 1]
[6, 5, 0, 8, 6, 5, 1, 2, 4, 1, 7, 8, 7, 3, 7]
[6, 4, 1, 7, 3, 9, 8, 5, 2, 6, 3, 4, 3, 4, 3, 5, 6, 1, 4]
[9, 9, 8, 1, 4, 1, 9, 6, 4, 3, 4, 1]
[7, 2, 2, 10, 2, 5, 5, 7, 6, 7, 8, 3, 8, 4, 6]
[4, 7, 7, 5, 9, 5, 4, 7, 3, 5, 3, 3, 4]
[2, 7, 3, 10, 2, 6, 2, 7, 0, 10, 8, 9]
[9, 4, 2, 0, 7, 8, 7, 10, 9, 1, 8]
[9, 8, 4, 7, 7, 3, 5, 1, 9, 3, 1, 5, 7]
[8, 0, 3, 4, 9, 4, 7, 0, 6, 6, 8, 5, 1, 8, 2, 2, 9]
[1, 7, 8, 6, 9, 9, 8, 5, 3, 7, 3, 6, 4, 8, 5, 9, 9]
[9, 4, 3, 6, 6, 10, 3, 2, 5, 1, 8, 9, 2, 8, 3, 2, 7, 6]
[10, 3, 4, 5, 8, 8, 6, 9, 4, 5, 2, 4, 3, 3, 5, 8, 1]
[2, 6, 8, 9, 10, 4, 9, 2, 2, 5, 6, 4, 9, 3, 4, 4, 0]
[6, 10, 7, 7, 6, 7, 3, 9, 2, 9, 4, 5, 7, 9, 4, 2, 9, 9, 9, 7]
[4, 10, 3, 6, 10, 0, 3, 6, 8, 3, 7, 2]
[6, 6, 5, 2, 8, 8, 5, 4, 6, 8, 7, 4]
[3, 7, 9, 8, 10, 3, 2, 2, 6, 1, 5, 7, 3, 1]
[9, 6, 2, 0, 1, 9, 7, 1, 1, 6, 8, 6, 7, 2, 2, 6, 6, 5, 8, 1]
[6, 9, 1, 2, 10, 2, 3, 9, 3, 0, 5, 5, 9, 7, 5, 6, 1, 5, 4, 0]
[9, 2, 7, 0, 6, 9, 7, 2, 0, 4, 1, 3, 4, 10, 6, 5, 7, 4, 4]
[1, 10, 3, 10, 6, 4, 5, 8, 2, 6, 7, 2, 2, 5, 6, 10, 5, 1, 0]
[10, 9, 5, 4, 4, 5, 10, 9, 2, 3, 6, 1]
[6, 4, 4, 6, 3, 1, 3, 9, 8, 0, 4, 5, 7, 4, 9]
[3, 3, 9, 3, 6, 4, 3, 6, 10, 1, 0, 9, 8, 5, 5, 9, 9, 1, 0, 0]
[8, 7, 9, 3, 3, 2, 3, 3, 5, 0, 8, 9, 4, 4, 6, 1, 9, 9, 1, 6]
[8, 9, 4, 9, 7, 4, 4, 7, 1, 1, 5, 7, 0, 6, 10, 1, 8, 0, 3]
[5, 4, 9, 10, 9, 1, 5, 3, 4, 1, 4]
[9, 0, 2, 4, 9, 8, 10, 5, 6, 3, 6, 8, 3, 9, 10]
[4, 9, 5, 1, 9, 0, 2, 1, 1, 4, 1, 5, 2, 6, 5, 8, 0, 5, 4, 2]
[4, 10, 6, 0, 7, 7, 9, 7, 3, 9, 2, 1, 9]
[8, 2, 0, 10, 8, 2, 8, 0, 10, 7, 2, 9, 5]
[10, 8, 9, 7, 9, 9, 6, 7, 7, 7, 10, 8, 3, 4, 3, 0, 1]
[7, 4, 8, 6, 4, 9, 7, 6, 3, 6, 3, 0]
[6, 7, 8, 7, 6, 0, 4, 3, 1, 3, 5, 2, 1, 6, 3, 7]
[10, 8, 9, 2, 2, 2, 2, 9, 2, 10, 4, 9, 9, 4, 5, 7]
[1, 9, 8, 7, 6, 1, 7, 3, 1, 2, 8, 0]
[7, 3, 0, 3, 9, 8, 1, 1, 5, 7, 7, 9, 6, 9, 8, 9, 2, 8, 8, 7]
[0, 4, 2, 5, 4, 6, 2, 1, 7, 6, 4, 3, 9, 1, 9, 8, 10, 1, 6, 6]
[8, 5, 7, 7, 2, 2, 3, 6, 9, 2, 8, 5, 1, 2, 0, 0, 3]
[7, 2, 3, 1, 3, 8, 1, 6, 1, 0, 6]
[4, 3, 2, 2, 5, 6, 9, 1, 5, 3, 2, 7, 7, 0, 3, 1]
[7, 5, 3, 6, 9, 3, 6, 5, 1, 5, 2, 1, 7, 1, 9, 9, 3, 5]
[4, 10, 3, 6, 5, 2, 6, 1, 3, 3, 2, 4, 1, 8, 10]
[3, 10, 9, 6, 4, 1, 1, 4, 8, 4, 9, 5, 5]
[2, 9, 1, 2, 1, 4, 8, 9, 1, 4, 9, 2, 7, 1, 4, 0]
[8, 9, 5, 0, 8, 8, 5, 5, 8, 0, 10]
[6, 6, 0, 2, 4, 6, 9, 6, 10, 6, 9, 8, 1]
[3, 7, 10, 3, 5, 5, 9, 6, 2, 6, 2, 5, 10, 10, 9, 7]
[4, 7, 8, 5, 8, 3, 6, 8, 2, 4, 5, 3]
[8, 10, 2, 9, 4, 7, 10, 10, 6, 5, 0, 2, 4, 1, 8, 2, 9, 1, 5, 5]
[9, 8, 10, 1, 6, 0, 9, 1, 6, 6, 4, 4, 1, 8, 3, 8, 10]
[8, 2, 1, 3, 4, 4, 5, 3, 4, 5, 5, 5]
[4, 2, 6, 4, 4, 3, 9, 2, 5, 5, 6, 6, 8, 8, 2, 8, 3, 9, 9, 5]
[4, 3, 8, 7, 8, 5, 8, 6, 1, 4, 1, 3, 5, 1, 1, 8, 5]
[9, 6, 6, 6, 5, 9, 1, 1, 4, 8, 6, 1, 2, 4, 10, 0, 6, 2, 6, 3]
[5, 9, 7, 8, 1, 3, 2, 9, 9, 9, 5, 2, 5, 0, 7, 0, 0]
[9, 3, 5, 2, 3, 7, 5, 9, 8, 7, 4, 6, 8, 8, 4]
[7, 3, 7, 5, 7, 1, 9, 7, 5, 2, 9, 4, 10, 4, 7, 2, 8, 1, 9]
[7, 5, 5, 1, 5, 2, 10, 2, 7, 2, 3]
[3, 0, 9, 4, 3, 3, 4, 2, 8, 7, 0]
[4, 6, 10, 8, 0, 2, 7, 7, 8, 3, 0, 5, 6, 5]
[2, 5, 6, 4, 6, 7, 2, 9, 9, 4, 9]
[2, 1, 1, 10, 0, 1, 5, 10, 1, 3, 7, 8, 3]
[7, 9, 2, 10, 10, 9, 4, 7, 3, 10, 5, 8]
[4, 3, 9, 1, 4, 1, 7, 0, 7, 5, 6, 7, 3, 1]
[0, 2, 2, 4, 5, 4, 0, 3, 2, 10, 6, 0, 10, 2, 0, 7, 9, 1, 5]
[1, 1, 0, 4, 4, 3, 10, 6, 1, 7, 3, 3, 1, 7, 3, 9, 7, 0, 2]
[10, 0, 0, 4, 9, 10, 9, 4, 9, 9, 6, 2, 7, 7]
[0, 2, 0, 7, 4, 8, 5, 7, 6, 8, 3]
[8, 10, 5, 8, 1, 4, 0, 3, 8, 9, 9, 5]
[5, 6, 6, 0, 9, 4, 5, 5, 4, 6, 9]
[6, 2, 0, 9, 9, 1, 8, 2, 4, 9, 4, 6, 9, 4, 7, 0]
[1, 3, 7, 2, 1, 2, 3, 8, 5, 10, 2, 8, 7]
[1, 2, 8, 5, 3, 8, 2, 9, 3, 3, 7, 7]
[1, 8, 6, 4, 3, 10, 7, 2, 9, 3, 5, 2, 7, 8, 6, 4, 5]
[8, 6, 1, 7, 0, 9, 3, 6, 3, 2, 7]
[0, 5, 5, 3, 6, 6, 3, 1, 4, 9, 6, 2, 1, 10, 6, 7, 4, 10]
[1, 8, 4, 5, 7, 5, 2, 1, 8, 5, 1, 8, 5, 6, 5, 4, 8]
[6, 4, 2, 7, 2, 9, 8, 6, 7, 3, 10, 8, 2, 0]
[1, 7, 7, 0, 2, 0, 1, 6, 4, 1, 8, 7, 3, 3, 8, 5, 9]
[4, 9, 5, 5, 8, 4, 9, 6, 8, 3, 2, 2, 10]
[1, 2, 6, 8, 3, 9, 8, 9, 7, 4, 3, 4, 5, 8, 9, 0, 3, 2, 10]
[0, 5, 5, 5, 0, 9, 7, 8, 9, 6, 4, 10]
[9, 6, 6, 3, 0, 9, 0, 3, 7, 0, 3, 9, 4, 5, 5, 0]
[8, 9, 7, 6, 3, 6, 9, 7, 3, 5, 2]
[9, 2, 3, 9, 3, 6, 1, 3, 7, 9, 1, 9, 9, 7, 6, 9]
[10, 4, 8, 1, 1, 9, 9, 9, 6, 1, 5, 7, 4]
[0, 3, 6, 7, 1, 6, 6, 6, 5, 4, 7, 1, 5]
[8, 5, 2, 8, 1, 0, 8, 1, 8, 8, 3]
[4, 1, 7, 8, 4, 1, 8, 2, 3, 7, 7]
[9, 7, 6, 10, 3, 3, 2, 3, 10, 1, 7, 5, 7, 0, 6]
[6, 1, 7, 10, 8, 0, 1, 4, 7, 4, 8, 7]
[7, 4, 7, 2, 2, 0, 5, 5, 10, 8, 7, 4, 4, 5]
[5, 3, 0, 8, 7, 5, 7, 3, 6, 4, 4, 0, 0, 1, 8, 2, 9]
[3, 5, 5, 6, 5, 8, 0, 8, 9, 10, 8, 0, 4, 5, 4, 8]
[3, 7, 3, 0, 5, 6, 1, 8, 2, 6, 10, 7, 4, 6, 1, 9, 6, 7]
[1, 5, 1, 10, 5, 4, 4, 3, 3, 2, 5, 9, 8, 5, 7, 6, 7, 1]
[7, 2, 4, 7, 1, 1, 1, 3, 4, 2, 9, 3, 5]
[5, 0, 0, 0, 9, 9, 3, 1, 5, 2, 3, 8, 0, 3, 8, 8]
[8, 7, 2, 9, 1, 4, 2, 6, 3, 8, 6, 10, 3, 8]
[4, 8, 8, 4, 6, 8, 5, 6, 7, 1, 2, 7, 9, 5, 1, 3, 2, 10, 8]
[1, 6, 5, 4, 1, 1, 3, 4, 4, 8, 5, 8, 1, 9]
[9, 4, 5, 0, 5, 3, 8, 8, 6, 9, 5, 1, 3, 2, 9, 8, 0, 0, 6]
[2, 7, 4, 9, 1, 0, 9, 2, 1, 0, 5, 6, 7]
[4, 8, 4, 8, 6, 9, 4, 5, 9, 9, 1, 1, 2, 8, 7, 8, 7, 9]
[5, 6, 0, 10, 6, 8, 9, 6, 3, 8, 5, 9, 9]
[0, 3, 1, 7, 2, 0, 2, 3, 1, 6, 3, 1, 8, 2, 5, 4, 2, 5, 4, 10]
[7, 8, 4, 1, 7, 7, 6, 8, 8, 3, 8, 9, 7, 3, 9, 3, 7, 3, 9, 7]
[8, 4, 1, 1, 7, 10, 4, 6, 6, 8, 2, 1, 8]
[2, 4, 3, 5, 2, 2, 10, 3, 4, 9, 9]
[1, 2, 10, 7, 10, 6, 10, 7, 3, 9, 7, 7, 2, 9, 5, 5, 7, 0, 8]
[7, 7, 4, 3, 0, 7, 6, 3, 1, 5, 7, 2]
[9, 2, 7, 9, 1, 1, 4, 2, 3, 2, 7]
[6, 6, 3, 4, 4, 4, 2, 7, 6, 4, 7, 9, 2, 0, 5, 5, 7]
[9, 3, 8, 1, 0, 6, 5, 8, 4, 7, 6, 9, 4, 5, 7, 0]
[3, 8, 4, 7, 2, 7, 2, 8, 7, 1, 4, 2, 5]
[6, 3, 7, 3, 4, 2, 4, 3, 3, 0, 10, 1, 9, 6, 4, 9, 0, 0]
[6, 3, 3, 7, 7, 2, 1, 8, 1, 4, 3, 2, 7, 7, 3]
[8, 9, 0, 10, 5, 10, 9, 2, 5, 0, 8, 3]
[4, 1, 3, 8, 0, 2, 8, 3, 1, 1, 3]
[6, 7, 4, 4, 5, 8, 2, 6, 6, 5, 3, 0, 7, 2, 3, 0, 4, 2, 9]
[7, 2, 3, 7, 7, 1, 6, 10, 5, 6, 3, 5, 7, 1, 3, 6, 4, 5, 1]
[8, 4, 4, 7, 8, 4, 4, 4, 0, 6, 9, 5, 1, 1, 7, 7, 0]
[7, 5, 8, 6, 6, 1, 2, 7, 0, 4, 8, 6, 1, 4]
[1, 3, 3, 0, 6, 2, 9, 4, 3, 7, 10, 2, 3, 7, 1]
[1, 6, 8, 6, 6, 7, 2, 3, 7, 6, 7, 2, 9, 8, 9]
[8, 1, 1, 9, 4, 5, 0, 2, 4, 2]
[8, 4, 9, 8, 7, 6, 3, 5, 3, 10, 3, 3, 10, 4, 1, 2, 5, 9, 5]
[3, 3, 3, 7, 3, 3, 4, 8, 7, 5, 3, 9, 8, 6, 1, 3, 2, 9, 8, 6]
[8, 9, 10, 10, 10, 6, 3, 8, 3, 0, 6, 1]
[5, 6, 4, 1, 9, 8, 2, 8, 8, 9, 0, 2, 9, 5, 8, 2, 6]
[3, 4, 5, 9, 9, 5, 2, 3, 3, 7, 6, 8, 2, 4, 4, 5, 1, 6]
[3, 6, 4, 2, 1, 2, 8, 3, 10, 1, 2, 0, 8]
[6, 10, 5, 2, 3, 10, 4, 3, 7, 2, 6, 7, 6, 4, 4, 4, 6, 5, 1, 9]
[8, 8, 5, 7, 10, 4, 9, 9, 9, 1, 9, 3, 8, 3, 8, 3]
[6, 9, 7, 3, 6, 3, 7, 3, 1, 3]
[7, 6, 7, 1, 10, 4, 4, 7, 9, 1, 7, 2, 1, 3, 3, 2, 0, 1]
[7, 1, 4, 9, 2, 10, 9, 4, 5, 5, 3, 7, 4, 1, 9, 2, 7]
[6, 7, 8, 5, 3, 10, 1, 9, 0, 1]
[6, 3, 8, 7, 3, 5, 2, 1, 8, 7]
[5, 7, 7, 5, 7, 2, 3, 6, 7, 9, 7, 2, 8, 5, 5, 5, 1, 6]
[4, 5, 2, 1, 0, 5, 7, 3, 2, 0, 9]
[9, 0, 4, 2, 8, 6, 10, 3, 3, 1, 4, 5]
[7, 8, 9, 9, 5, 2, 4, 4, 7, 8, 0, 9, 7, 7, 4, 1]
[1, 3, 2, 5, 2, 8, 5, 8, 8, 8, 1, 4]
[9, 5, 2, 9, 3, 4, 6, 2, 6, 1, 4, 1, 4, 7, 9, 2, 2, 9, 8]
[3, 4, 9, 10, 2, 5, 8, 6, 4, 9, 6, 4, 7, 8, 0]
[1, 0, 3, 4, 9, 0, 7, 9, 0, 10, 1, 4, 0]
[4, 4, 6, 4, 5, 9, 9, 10, 3, 5, 2, 0, 4, 7, 1, 2, 1, 9]
[2, 5, 5, 10, 8, 9, 0, 2, 8, 0]
[2, 8, 6, 6, 6, 5, 5, 8, 1, 6, 6, 7]
[10, 6, 5, 5, 7, 9, 10, 6, 5, 9, 1, 2, 5]
[3, 3, 6, 1, 6, 9, 4, 7, 1, 4, 9, 5, 7]
[7, 5, 5, 3, 8, 6, 4, 1, 2, 1, 8, 3, 3, 4, 3, 2, 3, 5]
[5, 2, 7, 8, 6, 5, 4, 2, 5, 9, 1, 8]
[2, 8, 1, 10, 2, 2, 0, 8, 7, 8, 7, 4]
[9, 3, 4, 9, 1, 2, 2, 0, 7, 10, 2, 4, 9, 8]
[6, 4, 7, 4, 4, 8, 6, 10, 8, 4, 7, 0, 2, 9, 2]
[1, 4, 2, 5, 3, 10, 1, 3, 6, 2, 2, 6]
[7, 7, 7, 2, 10, 3, 6, 3, 9, 3, 4, 6, 5, 5]
[8, 8, 3, 8, 0, 8, 9, 7, 5, 4, 3, 7, 6]
[0, 5, 3, 8, 10, 5, 5, 6, 6, 3, 4, 8, 6, 7, 1, 4]
[8, 2, 3, 7, 8, 9, 8, 3, 8, 7, 1, 1, 6, 6, 8, 3, 5]
[10, 8, 7, 6, 6, 0, 8, 1, 5, 9, 1, 1, 6, 9, 5, 4]
[6, 4, 5, 0, 6, 4, 5, 8, 7, 9, 5, 4, 0, 5]
[3, 0, 9, 5, 5, 2, 10, 9, 4, 3, 8, 5, 4, 7, 0, 8, 2, 4, 1]
[4, 7, 6, 4, 6, 6, 6, 6, 6, 8, 5, 9, 3, 2, 0, 1, 6, 8, 8]
[9, 2, 3, 5, 3, 1, 7, 10, 10, 1, 1, 5]
[7, 3, 4, 9, 4, 1, 10, 4, 0, 1, 1, 5, 9, 3]
[6, 7, 4, 9, 6, 4, 5, 2, 3, 5, 8, 10, 4, 7, 9, 8, 7, 0]
[10, 3, 6, 3, 5, 9, 7, 10, 3, 9, 9, 10, 10, 2, 8, 0, 2]
[4, 9, 1, 1, 8, 6, 9, 2, 5, 3, 6, 3]
[8, 4, 5, 1, 5, 5, 6, 8, 0, 5, 2, 9, 8, 3, 3, 5, 7]
[1, 8, 4, 10, 4, 6, 3, 8, 3, 3, 1, 0, 1, 3, 7, 9, 6]
[7, 4, 7, 4, 3, 3, 4, 10, 5, 0, 0, 5, 2, 6, 7]
[2, 10, 8, 5, 7, 9, 7, 1, 6, 1, 3, 4, 1, 1, 6]
[8, 5, 4, 4, 2, 3, 9, 4, 9, 5, 5, 2, 4, 8, 7, 9, 7]
[7, 5, 10, 3, 5, 2, 6, 2, 9, 2, 3, 7, 5, 2, 3, 7, 7, 1, 8, 0]
[6, 2, 7, 2, 4, 3, 8, 5, 4, 7, 8, 9, 0, 3, 3, 8, 9, 4]
[3, 3, 6, 8, 1, 9, 6, 5, 0, 6, 5, 2, 3, 2, 6, 2, 8, 2, 4]
[2, 1, 10, 3, 3, 6, 5, 1, 4, 4, 9]
[1, 6, 7, 4, 4, 4, 0, 7, 7, 5, 10, 2, 4, 3, 4, 1, 2, 5]
[8, 2, 7, 4, 6, 5, 5, 4, 2, 5, 3, 9, 7, 8, 5, 6, 2]
[6, 9, 8, 5, 6, 2, 4, 2, 1, 0, 2, 3, 8, 8, 0, 7, 0, 9]
[0, 4, 2, 2, 2, 3, 1, 3, 4, 9, 4, 8, 9, 7, 5]
[10, 2, 2, 1, 4, 5, 4, 8, 8, 1, 1, 9, 7, 9, 3, 3, 5, 1, 3]
[0, 3, 9, 6, 9, 6, 10, 2, 6, 4, 3]
[5, 0, 4, 2, 4, 4, 8, 6, 8, 2, 2, 8, 1, 5, 10, 7]
[6, 9, 1, 4, 8, 4, 7, 2, 9, 3, 7]
[4, 10, 1, 10, 4, 4, 1, 1, 9, 9, 8, 10, 5, 6, 0]
[1, 4, 0, 6, 1, 1, 8, 0, 1, 9, 7, 4, 1]
[9, 8, 7, 4, 2, 1, 0, 2, 1, 7, 2, 3, 1, 2, 8, 2, 8, 1, 2]
[7, 6, 7, 2, 4, 8, 1, 9, 5, 1, 3, 10, 1, 4, 7, 2, 1, 6]
[2, 3, 6, 1, 6, 2, 0, 0, 4, 5, 8, 7, 9, 9, 10, 2, 4, 6, 2]
[4, 1, 5, 6, 2, 6, 2, 2, 6, 6, 0, 5, 6, 1, 7, 3]
[2, 2, 9, 9, 3, 8, 1, 7, 4, 4, 4, 9, 5, 3, 9, 9]
[5, 1, 9, 9, 6, 4, 0, 9, 7, 5, 9, 10, 7, 2, 0, 9, 8, 6, 6]
[7, 0, 5, 4, 4, 3, 5, 2, 0, 7, 10, 7, 2, 2, 4, 8, 2, 3, 3]
[3, 9, 6, 3, 6, 6, 9, 6, 1, 1, 6, 6, 7, 2, 2, 7, 4, 5, 0, 4]
[5, 7, 5, 3, 9, 7, 8, 6, 10, 7, 2, 7, 4, 4, 5, 7, 0, 3]
[8, 7, 3, 5, 8, 9, 5, 8, 1, 4, 1, 1, 8, 6, 3]
[5, 1, 3, 6, 4, 6, 8, 4, 10, 10, 0, 4, 1, 2, 5, 6, 1, 9, 3]
[0, 10, 5, 6, 2, 5, 2, 2, 6, 2, 5, 8]
[8, 8, 6, 4, 5, 6, 6, 1, 4, 7, 9, 4, 7, 6, 1, 3, 5, 8]
[8, 8, 2, 2, 0, 8, 6, 5, 9, 3, 4, 1, 9, 2, 5, 1, 10]
[5, 5, 1, 4, 4, 0, 3, 5, 2, 6, 9, 5, 5, 8, 8, 7, 9, 3, 6, 2]
[0, 9, 8, 1, 4, 6, 5, 5, 3, 3, 9, 7, 5, 5, 3, 10, 6]
[9, 4, 0, 2, 6, 1, 1, 9, 5, 4, 5, 5, 5, 7, 7, 9]
[7, 0, 7, 0, 1, 1, 2, 2, 2, 2, 5]
[6, 8, 8, 7, 5, 9, 7, 0, 5, 6, 6, 5, 10, 7, 7, 7, 5, 8]
[0, 7, 9, 7, 10, 6, 2, 3, 2, 4, 9, 0, 3, 6]
[10, 7, 10, 9, 3, 4, 2, 6, 6, 9]
[6, 9, 7, 6, 1, 2, 7, 5, 0, 10, 6, 8, 7, 6, 9, 6, 7, 7]
[10, 3, 6, 6, 6, 7, 9, 9, 7, 1, 2, 9]
[1, 9, 3, 5, 1, 7, 3, 0, 0, 4, 9, 8, 8, 4, 1, 9]
[1, 1, 3, 1, 4, 2, 10, 5, 3, 4, 5, 9]
[8, 2, 8, 4, 7, 2, 6, 2, 4, 9, 1]
[8, 2, 7, 1, 5, 1, 5, 0, 9, 8, 4]
[2, 8, 9, 5, 4, 2, 8, 0, 8, 6, 3, 7, 5, 7, 8, 1, 2, 3, 2, 10]
[4, 5, 4, 8, 7, 5, 8, 3, 9, 4, 2, 6, 2, 4]
[7, 6, 6, 1, 1, 6, 6, 5, 3, 9, 3, 9, 2, 1, 8, 1, 6, 3, 2]
[2, 6, 10, 2, 9, 8, 5, 9, 3, 0, 2, 8, 9]
[2, 7, 0, 9, 7, 9, 7, 6, 3, 4, 6, 3]
[9, 8, 5, 1, 5, 5, 8, 6, 3, 9, 8, 5, 4, 9, 5, 5]
[2, 1, 4, 6, 1, 8, 5, 5, 8, 3, 2, 8]
[8, 6, 6, 4, 7, 7, 2, 4, 1, 10, 9, 3, 6, 1]
[6, 8, 4, 3, 5, 5, 8, 0, 5, 1, 5, 8, 7, 1, 2, 3, 7, 6, 0]
[3, 2, 3, 1, 6, 5, 7, 9, 3, 10, 1, 8, 2, 2, 9, 8, 5, 3]
[8, 1, 6, 7, 5, 10, 8, 8, 6, 10]
[7, 7, 3, 7, 2, 3, 6, 1, 9, 5, 7, 7]
[4, 3, 3, 7, 7, 4, 1, 9, 6, 2, 10, 1, 1, 3]
[1, 6, 1, 7, 10, 8, 3, 6, 7, 1, 6, 8]
[2, 9, 5, 4, 7, 4, 4, 6, 6, 10, 5, 1, 2, 5, 7, 2, 9, 9]
[10, 3, 1, 4, 9, 8, 9, 4, 1, 3, 6, 7, 6, 6, 3, 8, 10]
[1, 2, 5, 3, 2, 6, 4, 0, 7, 4, 6, 10]
[7, 6, 3, 4, 0, 6, 6, 4, 5, 4, 10, 7, 6, 5, 9]
[0, 10, 1, 7, 4, 4, 6, 9, 4, 5, 6, 4, 3, 9, 9, 5]
[2, 1, 4, 6, 7, 6, 2, 5, 3, 6, 1, 3, 9, 1, 2, 8, 8, 6, 7]
[2, 7, 1, 5, 5, 8, 5, 6, 4, 0, 4, 10]
[0, 2, 7, 4, 3, 7, 1, 6, 4, 0, 3]
[9, 9, 5, 5, 6, 4, 9, 2, 1, 3, 8, 10]
[6, 1, 9, 8, 1, 10, 2, 8, 9, 5, 3, 7, 3, 7, 1, 0, 1, 1]
[3, 6, 2, 4, 9, 9, 8, 7, 3, 3, 10, 3, 4, 8, 9, 0, 6, 6, 7]
[10, 8, 7, 4, 9, 3, 1, 2, 4, 7, 4, 10, 2, 0, 6, 6, 7, 10, 4]
[3, 0, 6, 1, 9, 9, 9, 1, 10, 10, 8]
[5, 10, 3, 7, 7, 6, 2, 8, 6, 4, 8, 6, 9]
[1, 9, 1, 3, 5, 8, 3, 8, 2, 5, 8, 7, 8]
[8, 3, 2, 3, 9, 6, 3, 0, 6, 6, 9]
[7, 9, 3, 2, 7, 2, 5, 9, 5, 9, 2, 9, 3]
[4, 7, 3, 8, 7, 1, 1, 6, 4, 5, 5, 4, 8, 4, 2]
[5, 5, 8, 0, 2, 5, 7, 10, 7, 8, 1, 8, 3]
[7, 2, 1, 4, 2, 4, 4, 4, 6, 5, 8]
[9, 5, 9, 4, 1, 5, 2, 4, 6, 4, 6, 9, 6, 3, 9, 10, 6, 7, 2]
[3, 1, 2, 3, 7, 2, 6, 4, 3, 3, 2, 6, 9, 8, 7, 0, 5]
[3, 8, 4, 1, 9, 5, 6, 7, 9, 7, 5, 2, 7]
[1, 2, 5, 8, 4, 7, 6, 9, 3, 7, 6]
[7, 9, 8, 2, 4, 5, 3, 1, 2, 6]
[0, 0, 4, 4, 8, 3, 9, 4, 3, 2, 8, 4]
[8, 6, 3, 7, 5, 9, 6, 7, 7, 8]
[7, 6, 9, 10, 2, 4, 4, 0, 5, 9, 6, 10]
[6, 5, 0, 3, 0, 5, 5, 6, 7, 1, 10, 10, 1, 9, 2, 9, 6]
[8, 9, 3, 10, 3, 8, 8, 0, 8, 4, 5, 6, 0, 8, 3, 3, 9, 2, 8, 4]
[2, 4, 5, 4, 3, 8, 1, 4, 8, 7, 8, 1, 3, 5, 4, 3, 3]
[10, 2, 2, 7, 3, 4, 9, 5, 1, 1, 8, 1, 4, 3, 3, 8, 4]
[5, 3, 6, 1, 8, 3, 9, 3, 10, 5, 6, 6, 7, 9]
[6, 3, 10, 5, 2, 1, 3, 7, 8, 3, 1, 9, 9, 9, 4, 9, 5, 8]
[9, 1, 6, 7, 10, 1, 8, 10, 3, 4, 3, 8, 3, 7, 0, 5, 9, 10, 8]
[6, 6, 8, 2, 7, 7, 10, 5, 8, 7, 7, 2, 3]
[5, 4, 5, 3, 4, 1, 1, 10, 6, 6, 6, 4]
[7, 7, 4, 7, 6, 7, 4, 4, 7, 4, 7, 6, 8, 7]
[10, 5, 1, 0, 1, 5, 5, 2, 8, 4, 9, 2, 5]
[9, 9, 4, 9, 1, 0, 2, 3, 8, 1, 6, 10, 8]
[2, 1, 5, 1, 9, 8, 7, 5, 7, 7, 8, 6, 2, 6, 7, 2, 3, 5, 4, 4]
[5, 10, 1, 7, 2, 7, 7, 2, 5, 5, 3, 6, 6, 10, 2, 5, 9, 9, 7, 4]
[6, 2, 10, 8, 9, 2, 6, 2, 4, 0, 7, 0, 9, 2, 5]
[6, 1, 5, 2, 4, 5, 6, 7, 5, 1, 5, 0, 3]
[3, 3, 2, 1, 2, 9, 7, 2, 10, 1, 8, 9, 9, 9, 3, 6, 1, 6, 6]
[1, 7, 8, 8, 0, 8, 5, 10, 6, 6, 4, 1, 5, 9, 5, 5, 8, 4, 8]
[2, 7, 10, 2, 5, 4, 1, 7, 9, 8, 1, 1, 8, 7, 8, 2, 2, 5]
[3, 5, 3, 3, 0, 0, 5, 1, 8, 1, 8, 7, 3, 7, 5, 3, 7]
[4, 5, 7, 6, 7, 3, 9, 1, 3, 1, 0]
[2, 3, 5, 5, 6, 10, 9, 2, 8, 2, 5, 9, 1, 2, 7, 3, 7, 6, 6, 4]
[9, 7, 3, 10, 8, 4, 6, 0, 9, 0, 1, 9, 3, 1, 3]
[4, 3, 8, 9, 7, 2, 10, 5, 6, 10, 4]
[6, 5, 1, 6, 8, 10, 2, 7, 1, 7, 2, 2, 2, 2, 6, 1, 9, 2, 6, 8]
[6, 7, 2, 4, 10, 4, 5, 8, 2, 2]
[8, 7, 9, 5, 4, 6, 2, 6, 4, 7, 9, 7, 10, 6, 3, 8, 4, 0, 10]
[3, 9, 0, 1, 2, 2, 6, 5, 4, 6, 6, 5, 3, 10, 5, 6, 9, 0]
[10, 9, 4, 3, 1, 10, 4, 0, 8, 9, 8, 1, 8]
[10, 6, 2, 2, 8, 0, 2, 9, 4, 8, 2, 7, 9]
[0, 4, 8, 2, 6, 5, 5, 5, 8, 2]
[0, 6, 2, 9, 1, 6, 9, 1, 4, 9, 1, 4, 4, 3, 3]
[8, 10, 2, 5, 2, 8, 9, 3, 0, 3, 3, 4, 6, 1, 9, 6]
[4, 5, 0, 9, 0, 8, 3, 6, 7, 9, 2, 1, 3, 4, 8, 1, 2]
[7, 6, 2, 7, 9, 1, 10, 7, 9, 10, 1, 8, 3, 8, 7, 4, 0]
[3, 3, 10, 6, 5, 2, 1, 1, 8, 5, 1, 4, 10, 1, 3, 7]
[3, 3, 3, 1, 3, 7, 2, 6, 6, 7, 2, 3, 1, 6, 0]
[6, 5, 7, 5, 1, 1, 2, 1, 6, 7, 7, 8, 7, 3, 7, 4, 1, 6, 5]
[2, 10, 9, 7, 6, 7, 2, 2, 2, 6, 8, 9, 2, 9, 3, 8, 8, 10, 2, 8]
[7, 4, 5, 10, 4, 10, 9, 2, 0, 1, 5]
[4, 10, 10, 2, 8, 3, 4, 8, 3, 1, 9]
[8, 3, 7, 4, 6, 2, 2, 10, 1, 3, 2, 8, 9, 2, 6, 2]
[4, 5, 7, 9, 8, 7, 5, 5, 7, 4, 4, 10]
[3, 3, 8, 5, 6, 7, 3, 3, 1, 3, 4, 6, 1, 3, 9]
[10, 6, 5, 7, 6, 9, 3, 9, 1, 3, 7, 6, 10, 8, 3, 8]
[3, 5, 9, 8, 6, 4, 8, 10, 9, 3, 3, 0, 1, 2]
[2, 9, 10, 0, 9, 5, 2, 1, 5, 2, 0, 9, 4, 9]
[5, 10, 10, 8, 5, 0, 3, 8, 10, 9, 0, 3, 2, 7, 7, 4]
[5, 5, 3, 8, 2, 7, 0, 4, 6, 3, 3, 4, 6, 3]
[4, 8, 0, 0, 9, 5, 4, 5, 8, 9, 3, 1, 9, 4, 9]
[9, 1, 9, 1, 10, 1, 5, 8, 10, 5, 2, 3, 3, 1, 8, 6]
[9, 4, 2, 1, 8, 9, 4, 8, 9, 9, 1, 4, 2, 0]
[4, 4, 10, 8, 5, 4, 6, 8, 5, 8, 8, 1, 5, 9]
[6, 2, 5, 10, 2, 9, 6, 4, 1, 9, 8, 3, 9, 9, 8]
[10, 0, 9, 2, 7, 7, 4, 2, 4, 6, 4]
[3, 2, 6, 9, 6, 2, 8, 3, 0, 10, 1, 8, 1, 9, 2, 8, 8, 3, 5]
[8, 3, 3, 8, 5, 4, 7, 7, 4, 7, 8, 7, 9, 6]
[3, 1, 8, 2, 8, 7, 5, 9, 5, 8, 8, 9, 2, 5]
[6, 3, 1, 2, 4, 5, 10, 7, 9, 9, 1, 4, 8, 6, 5, 2]
[3, 2, 1, 0, 3, 5, 9, 4, 4, 1]
[6, 9, 3, 5, 4, 6, 4, 3, 7, 8, 0]
[3, 6, 5, 0, 0, 2, 6, 3, 4, 9, 9, 10, 6, 6, 9, 2, 1, 5, 6, 1]
[6, 6, 0, 9, 6, 8, 6, 1, 6, 1, 1, 7, 5, 3]
[10, 7, 9, 0, 0, 6, 2, 10, 5, 4, 5]
[2, 9, 9, 6, 7, 2, 3, 9, 8, 2, 7, 5, 4]
[8, 5, 6, 8, 1, 9, 10, 2, 4, 3, 7]
[6, 0, 10, 7, 3, 10, 9, 9, 10, 3, 3, 3, 6, 10, 5, 10, 3, 3, 2]
[3, 9, 10, 3, 4, 7, 5, 5, 2, 2, 10, 9, 3, 5]
[7, 8, 0, 5, 9, 3, 7, 4, 10, 1, 1, 4, 4, 10, 2, 5, 8, 5, 5]
[1, 10, 8, 7, 0, 9, 5, 10, 2, 8, 7]
[9, 9, 3, 1, 8, 10, 6, 9, 9, 6, 6, 1, 3]
[3, 2, 10, 2, 4, 8, 0, 3, 3, 5, 4, 8, 5, 6]
[8, 7, 3, 4, 1, 4, 8, 6, 2, 3, 5, 9, 5, 2, 7, 7, 1, 1, 0]
[8, 6, 3, 5, 2, 8, 6, 4, 9, 3, 5]
[9, 9, 9, 7, 6, 0, 8, 5, 7, 7, 5, 6]
[6, 7, 8, 2, 5, 2, 8, 4, 1, 5, 10, 5, 10, 1, 1, 2, 6, 9]
[8, 5, 5, 5, 8, 6, 5, 6, 6, 0, 9, 6, 4, 4, 2, 9, 2]
[5, 8, 8, 7, 8, 1, 1, 4, 3, 3, 8, 3, 1]
[8, 2, 8, 5, 9, 9, 1, 4, 8, 0, 2, 4, 8, 1, 9]
[4, 8, 5, 8, 1, 7, 5, 1, 9, 1, 9, 8, 9, 7, 0]
[4, 3, 1, 3, 10, 2, 1, 6, 9, 1, 10, 6]
[9, 9, 1, 4, 1, 8, 3, 5, 7, 7, 6, 6, 1, 6, 9, 10, 7, 0, 1]
[7, 1, 6, 8, 3, 8, 7, 10, 0, 9, 0, 6, 4, 1]
[4, 2, 0, 1, 3, 3, 3, 9, 8, 9, 5, 5, 0, 9]
[4, 4, 6, 6, 5, 3, 10, 2, 5, 2, 7, 10, 7, 9, 0, 8, 7, 5]
[4, 3, 8, 7, 5, 9, 4, 3, 5, 4, 7]
[9, 1, 3, 8, 5, 8, 7, 3, 5, 9, 2, 5, 8, 2, 10]
[2, 9, 2, 1, 5, 4, 7, 6, 5, 2, 3, 8, 5, 10, 1, 3, 1, 2, 4, 7]
[5, 3, 3, 6, 2, 1, 2, 10, 4, 4, 9, 9, 0, 1, 8, 2]
[6, 2, 5, 5, 6, 5, 8, 2, 9, 10, 8, 7, 0, 5, 1, 7, 3, 9, 6, 2]
[8, 2, 8, 4, 0, 6, 0, 2, 4, 1, 9, 8, 3, 7, 5, 5, 6, 4]
[2, 7, 1, 8, 4, 3, 2, 2, 4, 0, 2, 1, 2, 8, 5]
[0, 9, 6, 7, 6, 9, 8, 3, 6, 8, 5, 7, 4, 6, 2, 4, 2, 0]
[3, 7, 0, 6, 2, 8, 2, 1, 6, 3, 9, 9, 4, 4, 8, 10]
[4, 5, 1, 2, 5, 8, 3, 7, 5, 0, 2]
[5, 8, 10, 4, 7, 9, 8, 6, 3, 8, 5, 4, 1]
[9, 2, 8, 6, 2, 2, 6, 8, 7, 2, 9, 1]
[1, 1, 5, 2, 4, 8, 6, 10, 5, 5]
[3, 7, 0, 5, 4, 7, 1, 7, 6, 0, 3, 6, 7, 1, 1, 8, 8, 1]
[8, 1, 9, 1, 8, 5, 2, 2, 7, 9, 9, 8, 2]
[9, 1, 9, 9, 3, 1, 4, 6, 2, 4]
[7, 4, 7, 9, 7, 2, 2, 5, 0, 2, 4, 5, 6, 7, 6, 3, 6]
[5, 3, 6, 6, 1, 9, 10, 6, 8, 5, 8, 7, 4, 9, 4, 3, 9, 3]
[7, 4, 8, 3, 1, 9, 7, 8, 2, 5, 0, 2, 4, 3, 7, 7, 7, 6]
[6, 9, 3, 5, 8, 7, 2, 5, 7, 5, 9, 1, 5, 1, 4, 10, 0, 3]
[9, 1, 0, 1, 6, 8, 5, 8, 3, 6, 2, 6, 9]
[10, 10, 1, 0, 4, 2, 4, 4, 9, 1, 7]
[7, 6, 6, 6, 5, 5, 3, 10, 6, 5, 7, 6, 3, 8, 4, 4]
[8, 6, 10, 9, 1, 0, 7, 6, 9, 3, 0, 2, 1, 2, 10, 7, 4, 1, 5]
[8, 6, 0, 5, 7, 2, 1, 7, 9, 5, 5, 5, 6, 10, 7]
[1, 3, 3, 1, 9, 8, 4, 4, 8, 1, 5, 5, 3, 2, 8, 5, 9, 10]
[3, 6, 7, 9, 7, 9, 1, 9, 1, 10, 6, 9, 5, 6, 2]
[3, 2, 6, 3, 5, 9, 7, 7, 7, 5, 2, 3, 8, 5, 1]
[3, 4, 9, 2, 0, 2, 2, 4, 9, 0, 9]
[2, 4, 6, 4, 9, 2, 0, 5, 9, 1, 7, 3, 8, 3]
[9, 1, 4, 2, 7, 0, 10, 5, 5, 6, 10, 2, 0, 3, 10, 10, 7]
[8, 4, 0, 9, 5, 8, 5, 7, 0, 2, 3, 2, 2, 5, 5, 7]
[6, 0, 9, 1, 6, 0, 4, 5, 1, 4, 7, 8, 6, 9]
[3, 1, 7, 7, 6, 0, 5, 5, 1, 2, 7]
[5, 2, 2, 10, 6, 2, 2, 6, 2, 6, 0, 4, 3, 2, 9]
[5, 9, 4, 0, 5, 7, 9, 4, 7, 8]
[9, 1, 3, 10, 9, 0, 5, 8, 4, 8, 9, 5, 9, 4, 7, 5, 10, 2, 5]
[0, 2, 2, 8, 9, 10, 5, 3, 0, 7, 2, 2, 8, 5, 1]
[2, 4, 6, 10, 9, 6, 3, 5, 3, 3, 7, 3, 9, 7, 3]
[8, 9, 5, 8, 1, 0, 3, 8, 8, 8, 2, 6]
[2, 0, 1, 3, 9, 0, 8, 5, 5, 1, 5, 1, 7, 8, 9, 1]
[4, 7, 4, 9, 8, 4, 9, 3, 10, 2, 5, 6, 8, 1, 8, 0, 6, 6, 8]
[6, 7, 5, 7, 5, 9, 3, 9, 3, 4, 5, 4, 1, 6, 2]
[2, 3, 4, 10, 6, 5, 8, 9, 9, 6, 8, 7, 2]
[1, 9, 8, 10, 3, 9, 5, 3, 6, 4, 5]
[8, 7, 5, 9, 3, 2, 6, 1, 4, 6, 4, 1]
[4, 6, 3, 3, 9, 1, 4, 1, 4, 3, 9, 2, 9, 5, 4]
[9, 6, 7, 5, 4, 9, 5, 0, 9, 1, 7, 5]
[9, 9, 2, 4, 8, 7, 9, 5, 7, 2, 6, 5, 5, 1, 8, 1, 0]
[5, 3, 3, 1, 1, 5, 8, 4, 4, 9, 6, 2, 7, 2, 8, 2]
[3, 1, 9, 7, 6, 0, 8, 10, 0, 9, 5, 9, 6, 6, 4, 9, 5, 4]
[9, 8, 2, 4, 7, 8, 8, 6, 8, 1, 1, 7, 6, 2]
[2, 6, 4, 5, 6, 1, 2, 8, 2, 4, 6, 2, 7, 2, 10, 2, 8, 3, 1]
[3, 2, 1, 5, 6, 1, 6, 8, 6, 3]
[0, 10, 3, 6, 1, 1, 3, 3, 2, 5, 2, 5]
[3, 5, 4, 2, 6, 6, 3, 8, 8, 5, 1, 4, 7]
[0, 0, 5, 6, 5, 7, 3, 8, 9, 8, 9, 8, 1]
[6, 4, 0, 6, 9, 7, 8, 1, 0, 5, 8, 3, 7, 6, 7, 4, 9, 8, 8, 9]
[7, 7, 6, 9, 0, 9, 1, 5, 1, 3, 10, 10, 5, 5, 5, 10, 6, 7, 8, 10]
[3, 6, 3, 8, 4, 9, 7, 5, 10, 9, 8, 1, 9, 7, 7, 3, 8, 1, 0]
[7, 9, 1, 3, 10, 7, 2, 4, 10, 3, 8, 8, 7, 6, 1, 8, 1, 2, 6, 5]
[5, 10, 1, 1, 1, 5, 7, 5, 0, 4, 3, 0, 10, 1]
[2, 9, 9, 1, 8, 3, 5, 2, 6, 0, 7, 4, 8]
[5, 5, 1, 8, 3, 2, 1, 8, 2, 1, 9, 10, 2, 4, 10]
[9, 2, 1, 7, 1, 8, 4, 7, 6, 8, 8, 9, 8, 9]
[8, 3, 1, 3, 7, 9, 6, 8, 3, 1, 8, 9]
[10, 4, 2, 8, 2, 2, 7, 6, 6, 2, 4, 7, 9, 8, 9, 1, 1]
[0, 2, 8, 1, 6, 8, 3, 5, 0, 9, 0]
[5, 4, 7, 4, 3, 7, 5, 4, 9, 6]
[7, 8, 5, 0, 6, 0, 7, 9, 6, 4, 0, 8, 8, 1, 8, 4, 3, 7, 2]
[0, 9, 0, 2, 6, 5, 4, 9, 1, 5, 9, 5, 3, 6, 8]
[7, 3, 5, 1, 4, 6, 6, 9, 1, 4, 7]
[6, 9, 0, 6, 8, 7, 4, 0, 10, 6]
[2, 4, 4, 7, 3, 2, 2, 4, 9, 3, 8, 2, 5, 4, 2, 3]
[3, 2, 1, 8, 10, 5, 7, 5, 3, 10, 9, 0, 10, 9]
[10, 0, 2, 0, 3, 5, 1, 9, 10, 8, 0, 4]
[3, 9, 6, 5, 9, 1, 8, 9, 1, 6, 9, 9, 2, 9]
[6, 5, 10, 6, 3, 10, 9, 1, 4, 3, 5, 1, 2, 4, 9, 1, 2, 1]
[7, 0, 6, 1, 9, 1, 2, 1, 1, 4, 6, 1]
[9, 4, 9, 8, 3, 6, 1, 3, 0, 2, 8, 8, 8, 9, 3, 6, 10, 7, 6]
[7, 9, 3, 2, 6, 3, 10, 4, 9, 8, 9, 4, 3, 5, 10, 6, 2, 4, 5, 10]
[5, 5, 10, 8, 7, 2, 6, 8, 9, 3, 5, 3, 4, 3]
[6, 1, 7, 9, 10, 9, 1, 4, 9, 4, 0, 7, 6, 4, 5, 9, 7, 1, 1, 6]
[1, 1, 2, 6, 8, 6, 3, 0, 3, 2, 7, 10, 6, 10, 8, 8, 0]
[10, 3, 7, 8, 6, 5, 0, 8, 9, 5, 3, 1, 2, 5, 5, 6, 3]
[2, 3, 1, 8, 5, 9, 3, 6, 1, 10, 4, 4, 10, 10, 9, 3, 9, 4, 8, 4]
[6, 1, 4, 1, 6, 5, 7, 6, 8, 2, 9, 7, 3, 4, 10, 7, 6, 5]
[1, 3, 2, 0, 4, 2, 1, 10, 3, 8, 3]
[2, 4, 6, 5, 6, 4, 3, 1, 4, 4, 2, 6, 3, 10, 9, 6]
[9, 3, 1, 1, 2, 6, 6, 9, 8, 8, 7, 9, 2]
[0, 5, 5, 6, 8, 8, 9, 8, 5, 9, 1, 7, 8, 8, 2, 0, 8, 4]
[8, 3, 7, 5, 8, 4, 0, 5, 5, 5, 4, 1, 5, 7, 0, 5]
[3, 8, 3, 6, 6, 5, 0, 7, 6, 8, 10, 6, 5, 7, 9, 10, 4, 8]
[2, 3, 6, 0, 2, 8, 7, 7, 8, 7, 0, 1, 1, 5, 7]
[6, 6, 3, 3, 7, 3, 1, 6, 9, 0, 9, 6, 10, 3, 3, 4, 2, 6, 6]
[4, 7, 1, 7, 8, 3, 8, 3, 2, 6, 4, 1]
[1, 9, 5, 1, 4, 9, 2, 8, 3, 6, 9, 9, 1, 1, 6, 0, 1]
[9, 4, 9, 2, 6, 2, 10, 3, 3, 7, 1, 8, 5]
[1, 5, 2, 9, 2, 5, 2, 10, 4, 2, 4, 2]
[0, 6, 0, 1, 6, 2, 1, 4, 6, 6, 6]
[6, 5, 8, 4, 10, 10, 5, 6, 8, 2, 2, 3]
[0, 6, 3, 3, 8, 3, 2, 6, 5, 8, 2, 2, 5, 3, 0, 4]
[8, 1, 9, 6, 8, 4, 3, 1, 9, 0, 6, 1, 2, 7]
[6, 7, 8, 3, 6, 4, 10, 6, 7, 4, 2, 7]
[5, 0, 10, 5, 2, 3, 5, 1, 4, 10, 8, 6, 0, 8, 6, 1, 6, 5]
[7, 6, 2, 2, 8, 10, 5, 7, 6, 5, 1, 4]
[2, 9, 7, 2, 0, 1, 5, 3, 3, 1, 6]
[3, 9, 1, 1, 8, 6, 9, 2, 10, 6, 8, 5, 7]
[6, 9, 5, 7, 9, 5, 7, 9, 5, 4, 5, 6]
[5, 8, 3, 2, 1, 9, 5, 4, 8, 8, 6, 4, 6, 4, 9]
[10, 8, 6, 2, 4, 8, 9, 3, 3, 9, 8, 4, 2]
[9, 2, 6, 4, 9, 3, 1, 7, 0, 3, 8, 2, 8, 7, 5, 5]
[4, 8, 0, 3, 4, 6, 6, 9, 2, 9, 8, 7, 6, 4]
[1, 4, 10, 7, 3, 7, 2, 1, 6, 6, 7, 6, 5]
[1, 1, 9, 1, 4, 10, 1, 2, 10, 7, 8, 8, 0, 3, 8, 3, 8]
[6, 4, 3, 6, 4, 1, 6, 0, 10, 8, 10]
[7, 5, 8, 10, 5, 9, 7, 6, 3, 0]
[5, 3, 9, 2, 5, 0, 9, 7, 0, 2, 6, 1]
[4, 3, 7, 5, 8, 3, 1, 7, 0, 1, 0, 2]
[3, 8, 6, 1, 4, 5, 9, 6, 7, 7, 6, 4, 1]
[2, 7, 5, 6, 5, 2, 3, 9, 10, 5, 9, 5, 4, 3, 5, 9, 3, 8]
[1, 5, 7, 3, 7, 0, 10, 7, 4, 0, 7, 6, 2, 7, 5]
[6, 9, 8, 9, 1, 4, 3, 4, 1, 6, 1, 1, 8, 6, 4, 0]
[3, 1, 1, 4, 6, 3, 9, 4, 1, 1, 10, 5, 4, 5]
[7, 2, 3, 7, 6, 0, 2, 8, 1, 7, 7, 10, 4, 9, 7, 1, 2, 6, 1, 1]
[0, 4, 7, 3, 1, 6, 6, 1, 7, 5, 0, 5, 3, 8, 2, 10, 10]
[7, 1, 6, 2, 1, 0, 4, 8, 2, 3, 3, 1, 0, 4]
[10, 10, 4, 8, 4, 10, 9, 7, 1, 7, 0, 9, 4, 9]
[6, 3, 4, 3, 1, 6, 2, 10, 7, 3, 7, 4]
[5, 9, 7, 7, 6, 2, 10, 1, 9, 7]
[8, 9, 6, 2, 8, 4, 2, 2, 1, 5, 8, 9, 6, 9, 1, 1, 2, 5, 0]
[3, 6, 1, 8, 7, 7, 5, 9, 2, 9, 9, 10, 0, 0, 8]
[0, 1, 7, 6, 7, 6, 9, 0, 2, 5, 9, 8, 6, 6, 5, 3, 8]
[1, 7, 6, 9, 1, 1, 5, 1, 8, 5]
[3, 0, 2, 5, 5, 8, 4, 9, 9, 5, 3, 10, 10, 5, 9]
[8, 1, 1, 3, 5, 0, 4, 3, 8, 1]
[1, 2, 1, 3, 1, 4, 7, 6, 5, 1, 5, 10, 1, 3, 8, 4, 5]
[6, 5, 4, 3, 7, 0, 4, 9, 8, 4, 2, 6]
[7, 7, 9, 6, 4, 8, 4, 7, 2, 5, 8, 6, 4, 5, 1, 0, 9, 5, 2, 6]
[3, 2, 8, 1, 6, 3, 0, 2, 1, 3, 0, 3, 3, 2, 2, 7, 0, 3, 7]
[9, 7, 4, 2, 6, 0, 8, 9, 1, 2]
[8, 3, 2, 9, 1, 1, 7, 10, 1, 9, 4, 2, 4, 6, 4, 6, 6, 5]
[5, 3, 2, 5, 7, 1, 5, 4, 9, 1, 1]
[1, 6, 4, 5, 9, 4, 2, 8, 8, 7, 3, 1, 2, 2]
[6, 3, 0, 5, 6, 3, 7, 6, 3, 6, 5, 7, 0]
[0, 5, 1, 2, 6, 4, 8, 2, 0, 2, 9, 0, 6, 2, 0, 8, 4, 3, 6]
[10, 7, 4, 10, 8, 6, 4, 9, 5, 5, 1, 5, 0, 3, 8, 8]
[1, 7, 1, 2, 6, 7, 1, 1, 1, 4, 1, 9, 5, 8, 1, 6, 8, 6, 7]
[9, 5, 5, 9, 4, 4, 8, 10, 1, 6, 3, 4, 8, 4, 1, 9, 4]
[4, 2, 10, 8, 2, 1, 5, 5, 5, 8, 7, 7, 1, 9, 2]
[9, 0, 8, 2, 8, 3, 9, 5, 1, 0, 4, 9, 0, 7, 8, 3]
[3, 3, 3, 1, 8, 3, 2, 3, 5, 7]
[3, 1, 7, 9, 5, 1, 8, 5, 2, 7, 5, 4, 6]
[4, 6, 2, 9, 9, 3, 7, 5, 8, 0, 10]
[8, 8, 9, 4, 4, 3, 6, 5, 6, 3, 5, 5, 6, 7, 4, 2]
[4, 7, 0, 5, 10, 5, 4, 0, 0, 2, 9, 1, 8, 1, 7, 10, 7, 1, 5, 4]
[7, 0, 9, 8, 1, 9, 5, 6, 10, 6, 2, 0, 7, 3]
[1, 5, 1, 4, 1, 6, 10, 5, 9, 6, 4, 10, 2, 6, 8, 2, 7]
[2, 0, 7, 2, 3, 3, 1, 9, 10, 3]
[4, 9, 8, 8, 5, 3, 6, 5, 9, 9, 1, 6, 3, 8, 2, 4, 9]
[6, 1, 9, 5, 5, 2, 8, 4, 10, 2, 10, 8, 2]
[2, 3, 7, 2, 7, 5, 8, 2, 5, 1, 3, 4, 1, 9, 4, 6, 7]
[2, 4, 6, 4, 3, 6, 7, 3, 10, 5, 7, 7, 7, 4, 3, 3]
[3, 5, 6, 4, 6, 9, 3, 4, 3, 8, 0, 4, 7, 4, 4, 6, 6]
[9, 6, 2, 2, 0, 4, 7, 10, 5, 0, 9, 4, 3, 8]
[6, 3, 6, 7, 4, 9, 3, 8, 6, 7, 6, 9, 9, 9, 9, 5, 0, 2, 8]
[7, 1, 7, 3, 0, 9, 5, 5, 8, 5, 8, 5, 3]
[3, 7, 7, 4, 2, 9, 2, 4, 2, 0, 0, 3, 0, 6, 6, 5, 0, 9, 6]
[6, 4, 2, 9, 2, 1, 7, 9, 2, 8, 4, 7, 5, 9]
[5, 8, 4, 2, 6, 0, 5, 8, 7, 4, 9, 4, 8, 7, 8, 6]
[3, 5, 6, 7, 8, 4, 5, 6, 9, 6, 6, 9, 2, 8, 5, 5, 1]
[2, 3, 9, 3, 9, 5, 2, 6, 6, 4, 8, 8, 0, 8, 8, 10, 6, 1, 9]
[5, 6, 7, 8, 2, 1, 1, 5, 5, 3, 8, 3, 1, 5]
[10, 0, 1, 3, 8, 0, 5, 2, 9, 4, 1, 7]
[2, 9, 9, 1, 6, 0, 1, 6, 9, 8, 5, 2, 9, 2]
[2, 2, 4, 8, 6, 7, 6, 3, 10, 5, 5]
[6, 8, 3, 3, 5, 9, 9, 6, 1, 9, 9, 5, 4, 5]
[5, 0, 5, 4, 9, 3, 10, 9, 4, 2, 4, 4, 7, 3, 3]
[9, 2, 4, 9, 1, 6, 6, 7, 7, 8, 1, 3, 9, 8, 6, 7]
[1, 2, 0, 3, 4, 10, 10, 2, 4, 3, 4, 10, 2, 9, 2, 4]
[6, 5, 1, 9, 10, 9, 6, 10, 4, 7, 5, 10, 2]
[4, 9, 1, 8, 10, 8, 3, 10, 4, 2, 5, 8, 6, 3, 1, 9, 8, 0]
[7, 9, 8, 7, 5, 1, 6, 9, 5, 2, 1, 5, 0, 0, 7, 8, 5, 4, 6]
[6, 4, 6, 2, 0, 5, 3, 9, 7, 7, 7, 3, 6, 5]
[1, 2, 9, 3, 10, 8, 1, 4, 3, 8, 5, 1]
[0, 9, 2, 0, 5, 2, 4, 5, 1, 8, 3, 1, 7, 7, 8, 8, 2]
[6, 9, 3, 3, 1, 4, 7, 5, 5, 3, 7, 9, 7, 7, 7, 8, 3, 2]
[3, 6, 2, 7, 4, 2, 1, 3, 10, 10, 5, 2, 3, 8, 3, 5, 6]
[3, 7, 4, 0, 3, 2, 2, 5, 5, 10, 5, 7, 5, 2, 3, 9, 2, 9, 7]
[2, 10, 1, 2, 6, 9, 9, 8, 4, 0, 4, 1, 1, 9, 9]
[0, 8, 2, 10, 3, 7, 2, 5, 7, 6, 3, 5, 7, 2, 9, 2]
[6, 10, 2, 5, 3, 3, 7, 1, 4, 2, 6, 3, 6, 4, 4, 8, 9, 10, 3, 7]
[3, 6, 5, 7, 3, 9, 3, 4, 9, 4, 3, 9, 8, 5, 2]
[7, 2, 8, 1, 3, 4, 6, 1, 9, 6, 4, 4, 0]
[10, 9, 2, 2, 5, 6, 0, 4, 10, 4]
[10, 8, 2, 3, 2, 7, 9, 2, 5, 7, 7]
[6, 5, 4, 7, 8, 8, 4, 7, 8, 6, 5, 5, 4, 5, 6, 3, 4, 2, 3]
[1, 3, 5, 4, 3, 6, 5, 6, 5, 10]
[5, 1, 7, 9, 5, 1, 5, 6, 6, 5, 8, 5, 5, 0]
[3, 8, 8, 8, 5, 6, 0, 10, 6, 6, 8, 0, 0]
[6, 4, 1, 5, 10, 3, 6, 7, 6, 2, 8, 5]
[5, 3, 6, 8, 9, 6, 9, 4, 1, 1]
[6, 4, 3, 1, 3, 5, 0, 9, 4, 2, 1, 0, 7, 7, 4, 4, 4]
[6, 8, 4, 7, 0, 9, 5, 10, 4, 4, 3, 3, 6, 1, 4, 1]
[5, 6, 6, 4, 5, 3, 3, 8, 1, 5, 8, 7, 9, 6, 4, 9, 2]
[6, 0, 7, 3, 2, 4, 2, 6, 2, 9, 5]
[5, 9, 6, 0, 3, 9, 1, 9, 1, 7]
[3, 5, 10, 5, 6, 0, 10, 8, 4, 4, 9, 8, 8]
[1, 3, 5, 2, 2, 4, 9, 8, 4, 8, 9, 6, 5, 10, 4, 8, 8, 1]
[1, 3, 1, 9, 6, 9, 7, 4, 4, 5, 5, 5, 3, 1, 4, 5, 5, 5]
[8, 5, 4, 4, 7, 5, 7, 9, 1, 7, 7, 10, 3, 3, 5, 3, 0, 8]
[3, 3, 6, 2, 9, 9, 5, 10, 2, 7, 3, 8, 9, 9, 8, 2, 7]
[2, 8, 7, 1, 10, 4, 4, 2, 5, 1, 10, 0, 5, 6, 3, 1]
[0, 9, 2, 6, 4, 3, 8, 6, 6, 0, 4, 3, 6, 5, 7, 9, 2]
[6, 5, 8, 9, 2, 6, 8, 7, 2, 2, 10]
[1, 9, 1, 10, 3, 2, 3, 9, 9, 9, 6, 1, 9, 2, 8, 10, 7, 1]
300.0
765
set([0, 1, 3, 8, 9])
{frozenset([1, 2, 3, 4, 6, 9]): 334, frozenset([8, 1, 10, 9]): 355, frozenset([0, 1, 3, 5]): 389, frozenset([0, 3, 5, 6, 7]): 306, frozenset([0, 9, 6, 7]): 387, frozenset([0, 1, 2, 5]): 360, frozenset([8, 2, 5, 6]): 545, frozenset([1, 9, 6, 7]): 539, frozenset([0, 9, 2]): 498, frozenset([8, 1, 5, 7]): 554, frozenset([1, 4, 5, 6, 7, 8]): 322, frozenset([5]): 1187, frozenset([1, 2, 3, 4, 5, 9]): 322, frozenset([1, 4, 9, 7]): 532, frozenset([9, 10, 6]): 470, frozenset([1, 2, 6, 7]): 544, frozenset([8, 1, 10, 7]): 347, frozenset([8, 1, 4, 6]): 529, frozenset([1, 2, 3, 6]): 571, frozenset([1, 2, 3, 9]): 565, frozenset([8, 9, 2, 3, 7]): 416, frozenset([1, 2, 4, 5, 7, 9]): 311, frozenset([1, 4, 5, 7]): 537, frozenset([8, 1, 9]): 707, frozenset([9, 5, 6]): 728, frozenset([0, 9, 3, 4, 7]): 303, frozenset([2, 3, 4, 5, 7]): 419, frozenset([0, 1, 8]): 480, frozenset([2, 3, 10]): 501, frozenset([2, 4, 6]): 700, frozenset([1, 2, 10, 7]): 361, frozenset([10, 6, 7]): 464, frozenset([1, 2, 3, 5]): 559, frozenset([8, 10, 4, 7]): 345, frozenset([8, 9, 2, 3, 5]): 431, frozenset([10, 5]): 621, frozenset([8, 1, 2, 3]): 563, frozenset([3, 4, 5]): 736, frozenset([1, 10, 6, 7]): 343, frozenset([0, 10, 2]): 327, frozenset([2]): 1164, frozenset([1, 2, 3, 4, 6, 8]): 326, frozenset([1, 2, 10]): 474, frozenset([0, 8, 3]): 497, frozenset([0, 8, 2]): 463, frozenset([0, 3, 4, 6, 7]): 300, frozenset([9, 2, 3, 4, 5]): 425, frozenset([0, 2, 4, 7]): 365, frozenset([1, 2, 3, 5, 6, 9]): 343, frozenset([8, 1, 2, 4, 6]): 408, frozenset([0, 8, 5, 7]): 374, frozenset([8, 1, 2, 6]): 535, frozenset([5, 6]): 924, frozenset([8, 9, 4, 5, 7]): 408, frozenset([10, 3, 5]): 491, frozenset([0, 9, 4, 7]): 387, frozenset([2, 3, 5, 6, 8, 9]): 341, frozenset([0, 4, 5, 7]): 374, frozenset([10, 5, 7]): 476, frozenset([8, 2, 4, 7]): 525, frozenset([10, 6]): 601, frozenset([1, 4, 9, 6, 7]): 408, frozenset([9, 3, 4, 5, 7]): 422, frozenset([1, 10, 5]): 463, frozenset([0, 8, 5, 6, 9]): 300, frozenset([9, 5]): 931, frozenset([3, 5, 6]): 747, frozenset([8, 9, 2, 10]): 355, frozenset([8, 4]): 902, frozenset([2, 5, 7]): 710, frozenset([8, 9, 3]): 720, frozenset([1, 3, 6, 7, 8, 9]): 325, frozenset([1, 7]): 902, frozenset([2, 3, 4, 6, 7, 9]): 330, frozenset([2, 5, 6, 7]): 552, frozenset([1, 2, 4, 7]): 528, frozenset([1, 2, 5, 6, 7]): 425, frozenset([0, 1, 3, 5, 6]): 305, frozenset([8, 9, 3, 4, 7]): 406, frozenset([0, 8, 5, 6]): 382, frozenset([3, 5, 6, 7, 8, 9]): 333, frozenset([9, 10, 3, 7]): 379, frozenset([8, 9, 2, 6]): 534, frozenset([8, 1, 4, 6, 7]): 404, frozenset([8, 9, 4, 6, 7]): 416, frozenset([8, 9, 3, 7]): 537, frozenset([0, 9, 4, 6]): 397, frozenset([3, 4, 6, 7, 8, 9]): 324, frozenset([1, 9, 5, 6, 7]): 424, frozenset([3, 4, 5, 6, 7, 8]): 335, frozenset([8, 1, 2, 4, 7]): 403, frozenset([9, 3, 5, 7]): 558, frozenset([2, 10, 5, 6]): 358, frozenset([8, 3, 5, 7]): 560, frozenset([8, 1, 3, 5, 6]): 441, frozenset([3, 4, 5, 6, 7, 9]): 334, frozenset([1, 2, 9, 5, 7]): 423, frozenset([9, 3, 4, 7]): 544, frozenset([8, 2, 6, 7]): 537, frozenset([2, 4, 7]): 690, frozenset([8, 9, 3, 5, 7]): 422, frozenset([9, 10, 5, 6]): 362, frozenset([1, 4, 5, 6, 8, 9]): 325, frozenset([0, 1, 10]): 322, frozenset([1, 2, 5, 6, 8, 9]): 322, frozenset([2, 3, 5, 6]): 572, frozenset([1, 3, 4, 7]): 535, frozenset([8, 9, 5, 6]): 557, frozenset([8, 4, 6]): 695, frozenset([8, 1, 3, 5, 9]): 434, frozenset([9, 2, 10, 5]): 378, frozenset([1, 2]): 909, frozenset([0, 1, 4, 5, 9]): 301, frozenset([8, 9, 2, 5]): 544, frozenset([8, 1, 2]): 703, frozenset([1, 2, 4, 6]): 536, frozenset([2, 4, 5, 6, 8, 9]): 317, frozenset([8, 1, 2, 5, 9]): 421, frozenset([8, 1, 9, 6, 7]): 413, frozenset([1, 10, 4, 6]): 348, frozenset([0, 1, 6]): 479, frozenset([8, 2, 3, 5]): 560, frozenset([9, 2, 4, 6, 7]): 417, frozenset([8, 1, 5, 6]): 546, frozenset([1, 3, 6, 7]): 563, frozenset([0, 8, 4, 7]): 357, frozenset([0, 6, 7]): 490, frozenset([8, 2, 10, 7]): 350, frozenset([10, 3, 4]): 493, frozenset([9, 2, 3, 4]): 563, frozenset([1, 4, 6, 9]): 546, frozenset([8, 3, 5, 6]): 573, frozenset([8, 1, 2, 5]): 548, frozenset([0, 9, 5, 7]): 382, frozenset([0, 3, 6]): 517, frozenset([10, 3, 4, 6]): 374, frozenset([9, 3, 4, 6]): 572, frozenset([1, 2, 4, 9]): 551, frozenset([2, 4, 10, 7]): 359, frozenset([8, 6]): 902, frozenset([8, 1, 4, 9]): 543, frozenset([1, 2, 5, 6, 9]): 424, frozenset([8, 9, 7]): 694, frozenset([8, 2, 4, 5, 6]): 420, frozenset([8, 10, 5, 7]): 357, frozenset([1, 2, 3, 6, 8, 9]): 335, frozenset([8, 1, 4, 6, 9]): 414, frozenset([2, 4, 5, 6, 7]): 421, frozenset([0, 9, 3, 6, 7]): 308, frozenset([0, 1, 5, 7]): 378, frozenset([0, 3, 5]): 508, frozenset([8, 5, 6]): 714, frozenset([9, 10, 4, 7]): 367, frozenset([1, 2, 3, 4, 5, 6]): 334, frozenset([9, 10, 3, 4]): 391, frozenset([8, 1, 2, 4, 9]): 413, frozenset([0, 6]): 639, frozenset([8, 3, 4, 7]): 531, frozenset([3, 4, 5, 6, 7]): 435, frozenset([0, 1, 5]): 491, frozenset([8, 9, 2, 4, 7]): 401, frozenset([8, 10, 3, 5]): 363, frozenset([1, 4, 5, 6, 7]): 416, frozenset([3, 5, 6, 7]): 573, frozenset([8, 2, 3, 4, 7]): 408, frozenset([0, 8, 10]): 321, frozenset([1, 3, 9]): 728, frozenset([1, 10, 4, 7]): 347, frozenset([8, 2, 3, 5, 7]): 427, frozenset([1, 10, 5, 7]): 354, frozenset([8, 10, 6]): 445, frozenset([2, 3, 7]): 718, frozenset([1, 2, 3, 4, 5, 8]): 322, frozenset([0, 1, 3, 6]): 390, frozenset([1, 2, 4, 5, 7, 8]): 313, frozenset([0, 9, 5]): 507, frozenset([8]): 1165, frozenset([0, 2, 3, 4]): 381, frozenset([1, 5, 6, 7, 8, 9]): 322, frozenset([9, 4, 6]): 718, frozenset([1, 10, 9, 7]): 363, frozenset([8, 1, 10, 4]): 345, frozenset([0, 1, 2, 3]): 377, frozenset([4, 5, 7]): 704, frozenset([8, 1, 3, 6]): 565, frozenset([0, 3, 4]): 511, frozenset([0, 8, 3, 6]): 385, frozenset([1, 4, 5, 7, 8, 9]): 308, frozenset([8, 9, 2, 6, 7]): 413, frozenset([0, 1, 4, 7]): 365, frozenset([1, 3, 5, 7]): 565, frozenset([1, 2, 3, 4, 7]): 413, frozenset([9, 4, 5]): 725, frozenset([8, 1, 2, 6, 7]): 417, frozenset([1, 10, 3, 6]): 370, frozenset([9, 10, 5]): 488, frozenset([0, 1, 8, 9]): 381, frozenset([8, 2, 3, 6, 7]): 431, frozenset([2, 3, 10, 6]): 382, frozenset([8, 1, 6]): 697, frozenset([1, 2, 3, 10]): 381, frozenset([1, 2, 3, 6, 9]): 443, frozenset([8, 1, 2, 3, 7]): 426, frozenset([1, 3, 9, 5, 7]): 425, frozenset([1, 3, 4, 5, 7]): 423, frozenset([1, 2, 10, 9]): 375, frozenset([9, 10, 3, 6]): 380, frozenset([2, 3, 6]): 737, frozenset([8, 2, 3, 4]): 545, frozenset([9, 2, 10, 7]): 379, frozenset([8, 2, 3, 5, 6]): 439, frozenset([2, 5, 6, 7, 8, 9]): 321, frozenset([8, 1, 3, 9, 7]): 413, frozenset([8, 9, 2, 3, 6]): 434, frozenset([8, 1, 2, 3, 5]): 437, frozenset([1, 10, 6, 9]): 350, frozenset([2, 5]): 911, frozenset([9, 2, 3, 10]): 397, frozenset([0, 9, 3, 5, 6]): 317, frozenset([8, 1, 2, 5, 6]): 417, frozenset([9, 10, 6, 7]): 362, frozenset([2, 3, 4, 5, 6]): 437, frozenset([9, 5, 7]): 714, frozenset([1, 2, 3, 7]): 557, frozenset([8, 5, 7]): 714, frozenset([2, 10, 4, 5]): 361, frozenset([0, 2, 3, 5, 6]): 300, frozenset([9, 2, 6, 7]): 548, frozenset([1, 3]): 944, frozenset([0, 3]): 660, frozenset([2, 7]): 903, frozenset([2, 3, 5, 6, 7, 8]): 337, frozenset([2, 3, 5]): 724, frozenset([0, 7]): 631, frozenset([0, 8, 4, 5]): 372, frozenset([9, 2, 3, 7]): 556, frozenset([1, 5, 7]): 713, frozenset([5, 6, 7]): 716, frozenset([6]): 1169, frozenset([8, 4, 5, 7]): 540, frozenset([8, 4, 5, 6]): 551, frozenset([1, 2, 3, 5, 7, 8]): 334, frozenset([5, 7]): 922, frozenset([3, 4, 5, 7]): 554, frozenset([8, 10, 3, 7]): 358, frozenset([0, 8, 2, 9]): 364, frozenset([8, 10, 3, 4]): 356, frozenset([0, 8, 4, 6]): 366, frozenset([4, 7]): 893, frozenset([10, 3, 4, 7]): 363, frozenset([0, 1, 2, 4]): 361, frozenset([9, 2, 4, 6]): 545, frozenset([1, 2, 3, 4, 5]): 422, frozenset([1, 9, 4, 5, 7]): 411, frozenset([2, 3, 4, 7, 8, 9]): 310, frozenset([0, 8, 2, 4]): 351, frozenset([0, 1, 3, 5, 9]): 303, frozenset([1, 3, 7]): 717, frozenset([3, 5]): 949, frozenset([0, 1, 3, 4]): 389, frozenset([8, 1, 2, 3, 9]): 431, frozenset([9, 2, 3, 5, 7]): 428, frozenset([8, 9, 5]): 716, frozenset([1, 3, 4, 5, 9]): 434, frozenset([8, 9, 5, 7]): 545, frozenset([1, 2, 3, 5, 7]): 431, frozenset([9, 4]): 932, frozenset([8, 3, 4, 6, 7]): 421, frozenset([1, 2, 4, 5, 8, 9]): 310, frozenset([8, 1, 3]): 731, frozenset([8, 9, 3, 5]): 564, frozenset([1, 4, 5, 6, 9]): 431, frozenset([8, 1, 2, 3, 6]): 435, frozenset([1, 4, 7]): 681, frozenset([9, 3, 5, 6, 7]): 439, frozenset([2, 5, 6]): 708, frozenset([8, 10, 3, 6]): 358, frozenset([8, 1, 2, 10]): 345, frozenset([8, 1, 2, 9, 7]): 415, frozenset([2, 4, 6, 7, 8, 9]): 314, frozenset([0, 3, 4, 5, 6]): 315, frozenset([8, 3, 4, 5, 7]): 421, frozenset([0, 1, 5, 9]): 388, frozenset([1, 2, 4, 6, 8, 9]): 312, frozenset([4, 6]): 907, frozenset([8, 9, 3, 6]): 566, frozenset([0, 8, 3, 6, 9]): 303, frozenset([0, 2, 3, 6]): 392, frozenset([9, 2, 5, 6, 7]): 427, frozenset([1, 4, 9]): 716, frozenset([0, 1, 4, 8]): 365, frozenset([1, 2, 6, 9]): 545, frozenset([8, 9, 2, 3]): 555, frozenset([8, 1, 3, 4, 7]): 405, frozenset([2, 4, 5, 6, 7, 8]): 325, frozenset([8, 2, 4, 6, 7]): 411, frozenset([1, 3, 4, 5, 7, 8]): 322, frozenset([10, 4]): 623, frozenset([1, 10, 4, 9]): 373, frozenset([0, 9, 3, 6]): 408, frozenset([0, 1, 2, 9]): 380, frozenset([8, 1, 2, 6, 9]): 413, frozenset([0, 9, 6]): 508, frozenset([0, 8, 4]): 479, frozenset([8, 1, 10, 5]): 342, frozenset([1, 2, 4, 5, 6, 7]): 321, frozenset([0, 9, 2, 3]): 398, frozenset([1, 6]): 902, frozenset([0, 1, 6, 9]): 381, frozenset([1, 2, 5, 7]): 550, frozenset([0, 8, 6, 9]): 379, frozenset([0, 1]): 631, frozenset([1, 2, 6, 7, 8, 9]): 319, frozenset([8, 9, 2, 4, 6]): 408, frozenset([9, 3, 7]): 711, frozenset([0, 9, 10]): 360, frozenset([9, 2, 3, 4, 7]): 419, frozenset([1, 4, 5, 6, 7, 9]): 321, frozenset([0, 1, 2, 7]): 361, frozenset([4]): 1175, frozenset([0, 1, 2, 8]): 354, frozenset([1, 9, 5, 7]): 546, frozenset([8, 2, 5]): 706, frozenset([0, 5, 6]): 504, frozenset([0, 1, 6, 7]): 366, frozenset([0, 10, 4]): 335, frozenset([8, 1]): 912, frozenset([8, 9, 2]): 696, frozenset([10, 5, 6]): 466, frozenset([1, 10, 3, 4]): 375, frozenset([1, 10]): 606, frozenset([3, 6, 7]): 729, frozenset([1, 3, 4, 5, 6, 8]): 334, frozenset([0, 10, 5]): 327, frozenset([1, 2, 3, 5, 8, 9]): 333, frozenset([2, 4, 5]): 700, frozenset([1, 10, 6]): 449, frozenset([1, 2, 4, 5, 6]): 414, frozenset([1, 2, 3, 4]): 556, frozenset([0, 8, 2, 7]): 348, frozenset([1, 10, 3, 7]): 369, frozenset([1, 4, 6, 7]): 522, frozenset([1, 3, 4, 5]): 567, frozenset([8, 9, 4]): 705, frozenset([9, 2, 4, 5, 6]): 422, frozenset([9, 10]): 634, frozenset([8, 2, 6]): 690, frozenset([1, 2, 4, 6, 9]): 417, frozenset([0, 3, 4, 6]): 398, frozenset([0, 9, 4, 5, 6]): 310, frozenset([0]): 827, frozenset([8, 1, 5]): 715, frozenset([0, 4, 7]): 485, frozenset([1, 5, 6, 9]): 556, frozenset([9, 2, 3, 5]): 564, frozenset([2, 10]): 627, frozenset([9, 2, 3, 4, 6]): 436, frozenset([9, 5, 6, 7]): 556, frozenset([1, 3, 4, 5, 6]): 444, frozenset([0, 3, 4, 5]): 392, frozenset([8, 10, 3]): 472, frozenset([1, 10, 5, 6]): 345, frozenset([0, 9, 3, 4]): 407, frozenset([9, 10, 3]): 505, frozenset([1, 2, 4, 5, 6, 9]): 321, frozenset([1, 5, 9]): 714, frozenset([0, 8]): 627, frozenset([1, 3, 4, 5, 7, 9]): 316, frozenset([2, 4, 5, 6, 7, 9]): 321, frozenset([0, 8, 3, 5]): 388, frozenset([1, 2, 10, 5]): 361, frozenset([8, 1, 4]): 697, frozenset([0, 1, 3, 6, 9]): 308, frozenset([1, 2, 3, 7, 8, 9]): 322, frozenset([8, 10, 5, 6]): 345, frozenset([0, 9, 3, 7]): 394, frozenset([2, 3, 4, 5, 6, 7]): 333, frozenset([9, 6, 7]): 707, frozenset([1, 2, 3, 5, 9]): 431, frozenset([1, 2, 5]): 704, frozenset([8, 9, 5, 6, 7]): 424, frozenset([0, 9, 2, 6]): 379, frozenset([1, 9, 7]): 698, frozenset([1, 2, 3, 4, 5, 7]): 319, frozenset([9, 10, 4, 6]): 365, frozenset([2, 3, 6, 7, 8, 9]): 330, frozenset([1, 2, 3, 6, 7]): 440, frozenset([0, 2, 5, 6]): 372, frozenset([1, 2, 3, 4, 7, 9]): 315, frozenset([9, 2, 3, 6]): 574, frozenset([6, 7]): 907, frozenset([8, 9, 10, 6]): 347, frozenset([8, 1, 4, 5, 7]): 411, frozenset([0, 1, 3, 8, 9]): 300, frozenset([0, 2, 4, 5]): 360, frozenset([2, 3, 4, 5, 7, 9]): 316, frozenset([4, 6, 7]): 692, frozenset([0, 9, 5, 6]): 398, frozenset([1, 2, 3, 4, 9]): 430, frozenset([8, 9, 10, 4]): 360, frozenset([0, 1, 3, 4, 5]): 301, frozenset([10, 3]): 640, frozenset([8, 2, 10, 6]): 336, frozenset([3, 4]): 938, frozenset([3, 4, 6]): 731, frozenset([0, 9, 2, 5]): 373, frozenset([0, 8, 2, 5]): 360, frozenset([1, 2, 3, 10, 9]): 301, frozenset([8, 10, 4, 5]): 348, frozenset([8, 9, 4, 5]): 545, frozenset([0, 9, 2, 4]): 387, frozenset([9, 4, 5, 6, 7]): 425, frozenset([0, 10, 7]): 334, frozenset([8, 3, 5]): 733, frozenset([10, 3, 6, 7]): 373, frozenset([1, 3, 4, 6, 7, 8]): 317, frozenset([1, 3, 4]): 726, frozenset([8, 5]): 923, frozenset([0, 8, 5, 9]): 388, frozenset([8, 10, 4]): 457, frozenset([2, 3, 4, 6]): 564, frozenset([8, 4, 5]): 707, frozenset([8, 2, 3]): 716, frozenset([9, 2, 3, 6, 7]): 439, frozenset([1, 3, 5, 6, 7, 9]): 335, frozenset([9, 2, 4, 5]): 544, frozenset([2, 3, 10, 7]): 381, frozenset([1, 3, 5, 6, 9]): 447, frozenset([0, 3, 4, 7]): 382, frozenset([8, 2, 7]): 690, frozenset([3, 4, 5, 7, 8, 9]): 314, frozenset([0, 2, 4, 6]): 371, frozenset([1, 3, 6]): 737, frozenset([9, 4, 5, 6]): 567, frozenset([1]): 1171, frozenset([0, 10, 3]): 351, frozenset([2, 3, 5, 6, 7]): 442, frozenset([0, 2, 3]): 499, frozenset([1, 3, 4, 9]): 561, frozenset([3, 4, 5, 6]): 579, frozenset([8, 2]): 895, frozenset([0, 2, 6, 7]): 369, frozenset([2, 4, 5, 7]): 538, frozenset([0, 9, 2, 3, 4]): 305, frozenset([0, 9]): 660, frozenset([1, 2, 4, 9, 7]): 411, frozenset([2, 3, 4, 5]): 551, frozenset([1, 2, 4, 5, 6, 8]): 317, frozenset([1, 2, 4, 10]): 363, frozenset([8, 1, 10]): 450, frozenset([4, 5, 6, 7]): 547, frozenset([8, 9, 3, 5, 6]): 446, frozenset([0, 9, 3, 4, 6]): 316, frozenset([0, 9, 3, 5]): 396, frozenset([0, 10]): 439, frozenset([8, 10, 6, 7]): 349, frozenset([1, 3, 9, 6, 7]): 428, frozenset([0, 2]): 625, frozenset([1, 3, 6, 9]): 571, frozenset([1, 3, 5, 6, 7]): 442, frozenset([0, 1, 9]): 504, frozenset([8, 9, 2, 3, 4]): 419, frozenset([1, 2, 9, 7]): 547, frozenset([0, 1, 3, 9]): 401, frozenset([10, 3, 4, 5]): 375, frozenset([1, 2, 4, 6, 7, 9]): 316, frozenset([0, 2, 3, 5]): 374, frozenset([8, 1, 4, 5]): 542, frozenset([1, 3, 4, 6, 9]): 436, frozenset([0, 5, 7]): 492, frozenset([9, 2, 6]): 707, frozenset([0, 1, 9, 7]): 380, frozenset([8, 10]): 595, frozenset([8, 9, 3, 4, 6]): 431, frozenset([8, 9, 10, 7]): 357, frozenset([8, 3, 7]): 704, frozenset([0, 3, 5, 6]): 405, frozenset([9, 10, 4]): 495, frozenset([0, 9, 2, 3, 7]): 303, frozenset([8, 1, 3, 5]): 572, frozenset([0, 4, 5]): 496, frozenset([1, 2, 5, 7, 8, 9]): 320, frozenset([9, 2, 4]): 714, frozenset([1, 4]): 908, frozenset([1, 3, 4, 6, 8, 9]): 327, frozenset([1, 10, 3, 9]): 383, frozenset([0, 8, 9]): 498, frozenset([1, 2, 4, 7, 8, 9]): 307, frozenset([8, 1, 10, 3]): 361, frozenset([9, 3, 4]): 735, frozenset([1, 10, 3, 5]): 368, frozenset([1, 9]): 916, frozenset([8, 6, 7]): 702, frozenset([8, 1, 4, 7]): 523, frozenset([0, 2, 3, 6, 7]): 303, frozenset([0, 9, 4]): 516, frozenset([1, 3, 4, 5, 6, 9]): 345, frozenset([9, 2, 10]): 496, frozenset([1, 2, 10, 6]): 349, frozenset([8, 2, 3, 6]): 560, frozenset([0, 1, 4, 6]): 370, frozenset([2, 3, 4, 6, 7]): 429, frozenset([0, 8, 7]): 472, frozenset([0, 4, 6, 7]): 375, frozenset([1, 2, 3, 9, 7]): 427, frozenset([0, 2, 4]): 482, frozenset([0, 1, 8, 7]): 360, frozenset([0, 1, 6, 8]): 359, frozenset([0, 8, 2, 3]): 369, frozenset([10, 3, 6]): 488, frozenset([1, 3, 4, 5, 6, 7]): 332, frozenset([2, 10, 7]): 483, frozenset([1, 3, 4, 5, 8, 9]): 325, frozenset([9, 4, 7]): 702, frozenset([1, 3, 5, 6]): 575, frozenset([1, 3, 4, 6, 7]): 417, frozenset([0, 4]): 643, frozenset([1, 10, 4]): 472, frozenset([8, 4, 6, 7]): 536, frozenset([8, 1, 5, 6, 9]): 425, frozenset([10, 5, 6, 7]): 356, frozenset([1, 2, 3, 6, 7, 8]): 334, frozenset([0, 8, 3, 9]): 391, frozenset([8, 3, 4]): 712, frozenset([8, 9, 3, 6, 7]): 426, frozenset([9, 10, 7]): 483, frozenset([9, 2]): 917, frozenset([0, 1, 2]): 473, frozenset([3]): 1206, frozenset([2, 10, 5, 7]): 370, frozenset([8, 1, 3, 9]): 558, frozenset([8, 1, 7]): 700, frozenset([2, 6, 7]): 705, frozenset([0, 1, 4, 5]): 380, frozenset([1, 3, 4, 9, 7]): 408, frozenset([8, 1, 2, 4]): 536, frozenset([1, 2, 6]): 699, frozenset([8, 1, 4, 9, 7]): 403, frozenset([3, 7]): 922, frozenset([8, 1, 5, 9]): 550, frozenset([0, 1, 3, 9, 7]): 301, frozenset([3, 6]): 949, frozenset([2, 6]): 905, frozenset([9, 3, 6, 7]): 560, frozenset([1, 3, 5, 6, 7, 8]): 341, frozenset([1, 2, 4, 6, 7]): 408, frozenset([9, 2, 3]): 733, frozenset([1, 6, 9]): 707, frozenset([9, 2, 7]): 706, frozenset([1, 5, 6]): 707, frozenset([8, 9, 2, 4]): 533, frozenset([10, 4, 5, 6]): 359, frozenset([0, 9, 2, 3, 6]): 309, frozenset([1, 3, 4, 6]): 562, frozenset([0, 3, 5, 7]): 386, frozenset([9, 3]): 943, frozenset([1, 2, 4, 5, 7]): 411, frozenset([0, 1, 7]): 480, frozenset([1, 2, 3]): 729, frozenset([9, 2, 10, 6]): 366, frozenset([8, 9, 4, 6]): 544, frozenset([1, 6, 7]): 697, frozenset([9, 10, 4, 5]): 373, frozenset([2, 3, 5, 7, 8, 9]): 321, frozenset([1, 4, 6]): 692, frozenset([9, 2, 5, 6]): 553, frozenset([1, 10, 3]): 488, frozenset([0, 1, 3, 5, 8]): 300, frozenset([8, 1, 2, 5, 7]): 425, frozenset([2, 10, 6]): 469, frozenset([2, 4, 10]): 480, frozenset([2, 3, 4, 5, 8, 9]): 317, frozenset([4, 5, 6, 7, 8, 9]): 323, frozenset([1, 3, 9, 7]): 545, frozenset([8, 3, 6, 7]): 558, frozenset([0, 8, 2, 6]): 351, frozenset([1, 2, 3, 4, 7, 8]): 312, frozenset([4, 5]): 923, frozenset([0, 8, 3, 5, 9]): 300, frozenset([2, 3, 5, 6, 7, 9]): 340, frozenset([1, 2, 3, 5, 7, 9]): 326, frozenset([8, 2, 3, 7]): 544, frozenset([8, 9]): 911, frozenset([9, 4, 5, 7]): 544, frozenset([2, 3, 4, 6, 7, 8]): 325, frozenset([2, 3, 4, 5, 6, 8]): 334, frozenset([0, 1, 2, 6]): 359, frozenset([1, 3, 4, 7, 8, 9]): 305, frozenset([2, 3, 4, 10]): 378, frozenset([8, 9, 2, 7]): 532, frozenset([10, 4, 6, 7]): 351, frozenset([8, 10, 7]): 460, frozenset([8, 1, 2, 9]): 544, frozenset([0, 5]): 644, frozenset([8, 9, 6, 7]): 542, frozenset([0, 8, 3, 5, 6]): 305, frozenset([8, 2, 3, 10]): 361, frozenset([8, 1, 10, 6]): 332, frozenset([0, 8, 3, 4]): 376, frozenset([1, 3, 5, 9]): 564, frozenset([8, 1, 6, 9]): 543, frozenset([8, 1, 4, 5, 9]): 417, frozenset([2, 3, 4, 6, 8, 9]): 326, frozenset([0, 2, 7]): 479, frozenset([8, 4, 7]): 686, frozenset([3, 5, 7]): 730, frozenset([0, 2, 5]): 475, frozenset([0, 5, 6, 7]): 383, frozenset([8, 9, 10, 3]): 373, frozenset([1, 2, 5, 6, 7, 8]): 327, frozenset([1, 3, 5]): 736, frozenset([1, 2, 4, 5]): 536, frozenset([8, 3, 4, 6]): 554, frozenset([8, 1, 2, 4, 5]): 410, frozenset([0, 9, 7]): 500, frozenset([0, 2, 5, 7]): 364, frozenset([8, 3, 5, 6, 7]): 440, frozenset([10, 4, 5, 7]): 355, frozenset([8, 10, 5]): 462, frozenset([1, 2, 3, 5, 6, 8]): 338, frozenset([1, 10, 4, 5]): 357, frozenset([8, 1, 4, 5, 6]): 417, frozenset([8, 2, 3, 4, 5]): 420, frozenset([8, 1, 9, 5, 7]): 417, frozenset([8, 9, 6]): 706, frozenset([2, 10, 5]): 483, frozenset([8, 2, 4]): 691, frozenset([9, 2, 3, 5, 6]): 447, frozenset([8, 9, 2, 4, 5]): 405, frozenset([1, 5]): 918, frozenset([1, 3, 5, 6, 8, 9]): 341, frozenset([4, 5, 6]): 718, frozenset([9, 2, 5]): 713, frozenset([8, 1, 3, 7]): 551, frozenset([8, 1, 3, 4]): 551, frozenset([1, 2, 3, 4, 8, 9]): 321, frozenset([0, 3, 7]): 501, frozenset([9]): 1184, frozenset([0, 8, 5]): 495, frozenset([9, 2, 4, 5, 7]): 410, frozenset([0, 2, 6]): 482, frozenset([10, 4, 6]): 465, frozenset([8, 1, 9, 7]): 535, frozenset([1, 2, 5, 6, 7, 9]): 329, frozenset([0, 10, 6]): 326, frozenset([8, 1, 3, 6, 7]): 432, frozenset([1, 10, 5, 9]): 363, frozenset([1, 2, 4, 6, 7, 8]): 313, frozenset([2, 10, 6, 7]): 364, frozenset([0, 8, 6]): 478, frozenset([8, 1, 2, 7]): 541, frozenset([10, 3, 7]): 486, frozenset([9, 3, 4, 5, 6]): 453, frozenset([0, 4, 6]): 495, frozenset([8, 1, 6, 7]): 541, frozenset([9, 10, 3, 5]): 383, frozenset([1, 2, 4, 5, 9]): 416, frozenset([0, 8, 6, 7]): 364, frozenset([9, 10, 5, 7]): 369, frozenset([0, 1, 5, 6, 9]): 300, frozenset([1, 10, 9]): 478, frozenset([0, 1, 4, 9]): 394, frozenset([2, 3, 4, 5, 6, 9]): 337, frozenset([10, 2, 3, 5]): 380, frozenset([1, 3, 5, 7, 8, 9]): 324, frozenset([0, 1, 5, 8]): 378, frozenset([1, 2, 3, 4, 6, 7]): 326, frozenset([8, 2, 5, 6, 7]): 423, frozenset([